298.0796666666667 101.3186866760676
352.513 167.34396762925957
352.513 152.65603199667152
298.0796666666667 102.5668372697815
298.0796666666667 106.6820580851886
298.0796666666667 99.52761506645203
298.0796666666667 103.00085145748683
298.0796666666667 114.42970412091839
352.513 141.19573734923412
352.513 212.61045200527116
404.14466666666664 184.6244038456321
404.14466666666664 164.11693761889785
404.14466666666664 195.4013557076569
404.14466666666664 214.17195652342798
417.47499999999997 167.42262569252242
404.14466666666664 175.9888686867288
404.14466666666664 224.83269603631163
417.47499999999997 174.76374295619368
417.47499999999997 206.00644272087908
404.14466666666664 179.36291850382418
424.89000000000004 200.25519897106898
466.4463333333333 221.8913436988232
466.4463333333333 206.4413761168889
466.4463333333333 238.55780889467215
466.4463333333333 155.47912272632428
466.4463333333333 199.18445745861843
466.4463333333333 207.38313310520445
466.4463333333333 194.14013581082608
466.4463333333333 241.06653960108608
478.0040000000001 197.61479709008265
478.0040000000001 162.1634974909308
478.0040000000001 183.82713658948774
478.0040000000001 222.50037572979497
478.0040000000001 191.82351113640155
477.827 143.56240288275197
478.0040000000001 184.81474980622215
477.827 188.77775753207968
547.0296666666667 219.2620396672605
547.0296666666667 280.41330802311984
547.0296666666667 234.43937588292806
527.6266666666667 230.0141035132547
527.6266666666667 237.86948476212442
527.6266666666667 238.09306289721337
556.4836666666666 203.36966618217204
556.4836666666666 232.84206468778032
607.8466666666667 304.2801261331342
607.8466666666667 250.88191703611938
607.8466666666667 325.41182533555866
600.53 347.24150144779173
600.53 309.80735856242484
600.53 272.4183446676747
600.53 274.2212887553243
600.53 244.39025839260125
600.53 265.4747177946917
600.53 340.19905131717604
600.709 294.29033210340424
600.709 280.6449448106897
600.709 263.68741055315274
600.709 281.91519406208397
617.6586666666667 299.906438154179
655.748 389.2736279476903
655.748 313.71554723924896
655.748 299.21011287094615
655.748 321.0276349322883
655.7273333333333 139.9344029044502
655.7273333333333 266.2736495265187
656.0963333333334 191.88169723404977
656.143 219.38464698839178
656.143 263.94694328024514
656.0963333333334 260.9497417392679
710.6410000000001 333.06402544058534
710.6410000000001 382.5653089354691
731.3606666666666 384.9015537642535
709.7966666666666 362.82759000606376
709.7966666666666 357.1717229287015
731.3606666666666 389.75305900386417
708.533 336.467632595909
749.4816666666667 311.1197931070691
708.533 323.5054114278503
749.4816666666667 317.40660996473446
749.1203333333334 295.91608568939307
749.1203333333334 325.49997684036407
785.9253333333332 197.24682597439184
749.1203333333334 317.66825757453074
749.1203333333334 298.27792728768753
785.9253333333332 423.5863908754075
797.8186666666667 412.9563129219298
797.8186666666667 356.65312379049493
797.8186666666667 405.6227693445211
785.9253333333332 370.0432695816456
785.9253333333332 348.5570579698693
785.6133333333333 319.6973144236182
804.0770000000001 345.3057082371249
802.8363333333333 329.0504990709621
786.1416666666665 333.30080039152966
802.8363333333333 352.60030674420256
804.0770000000001 313.99792143629327
843.5706666666666 335.72518562650265
843.5706666666666 356.44350892751186
834.8850000000001 357.31476880281275
834.6226666666666 328.5475947563429
834.6226666666666 331.55306616712903
834.6226666666666 359.5086542310712
894.3496666666666 453.03582363439176
894.3496666666666 426.9981010455859
894.3496666666666 455.44250280699424
894.3496666666666 452.4729294568445
890.1463333333332 387.0897751938298
884.4756666666667 372.24680566731126
890.1463333333332 465.6136746991751
890.3563333333333 441.54365708157917
908.449 464.5335421942371
899.2643333333334 384.8014775737034
931.3646666666667 410.23740154328186
931.3646666666667 375.5117755056958
931.3646666666667 417.54114398695117
930.3063333333333 449.89179041451337
930.3063333333333 384.2842072030938
930.3063333333333 452.1046137920135
