-414139.744348477 277323.6402236369 -1231468.367968793
-401422.1190441548 254494.4570162757 -1189329.92549932
-388389.9749711482 231466.1868383153 -1146260.916271375
-375016.0836238639 208234.6694599716 -1102184.626564833
-361269.0198669638 184796.4829204649 -1057012.897678898
-347112.1932410253 161149.3727280606 -1010643.566758562
-332502.5726300173 137292.8905392579 -962957.1205189289
-317388.9773977749 113229.3576802543 -913812.2445450034
-301709.7412455922 88965.34440639679 -863039.788069708
-285389.4441519258 64513.99091632373 -810434.3971031653
-268334.2169959678 39898.74780193658 -755742.615183448
-250424.7811295427 15159.60487755021 -698645.4489243759
-231505.7397454444 -9636.108923730382 -638731.9096177758
-211368.3478995021 -34374.0352935383 -575457.1354044018
-189721.2224570185 -58854.53064667841 -508072.6353335385
-166136.9958378701 -82711.95216283877 -435502.5533035545
-139946.1689544219 -105224.4632098116 -356106.3414648771
-110000.0636908705 -124790.6069628306 -267178.3845072602
-74059.4699617784 -137112.8902506281 -163797.5557851369
-27165.35792986822 -126201.5649009323 -37008.74128744222
29751.42660392984 -26563.9473393003 90944.06179569587
55006.9644407434 125002.8204115836 115485.3046962245
61576.38595673723 244543.0483942791 97810.70438784717
62460.54364461254 343097.4783928468 70667.51415127025
60927.77987097114 428842.3327918231 40666.8945238528
