19 298.0796666666667 143572.37659699272 0.025358019199105863 94444.21574016253 400
21 352.513 155704.51176741679 0.02689307300371925 94415.8108172888 440
19 298.0796666666667 143572.37659697546 0.027754071077471708 94444.21574008216 425
21 352.513 155704.5117129689 0.028084756042586142 94415.81079678307 435
21 352.513 155704.51176740133 0.024950490981084535 94415.81081732176 430
19 298.0796666666667 143572.37662526793 0.024039334042660034 94444.21569765183 410
19 298.0796666666667 595889.6523275316 0.0273028631046881 94444.21574015342 415
21 352.513 155704.51186982324 0.026652669893725046 94415.8106975631 445
19 298.0796666666667 143572.37659697369 0.02737184184746981 94444.2157401128 420
19 298.0796666666667 1184563.6131290335 0.02670362008041061 94444.21572305649 405
35 404.14466666666664 144360.90090302032 0.02455680436099245 94569.08676693527 450
35 404.14466666666664 158222.92122239756 0.02459572615560305 94569.08729932616 460
35 404.14466666666664 158222.92123401538 0.022246470625983724 94569.08671688515 475
35 404.14466666666664 144360.90120602603 0.024531924368219927 94569.0877470572 480
35 404.14466666666664 158222.92076031977 0.02150644373702728 94569.08688558504 470
35 404.14466666666664 158222.92071693155 0.023874534979038613 94569.08683623163 465
47 417.47499999999997 124172.12905983676 0.020746395279212033 94628.62770172341 490
35 404.14466666666664 158222.92087015015 0.022532497820291184 94569.0869411152 455
47 417.47499999999997 148066.74607110943 0.02083250641490752 94628.6281834344 495
47 417.47499999999997 124172.1294339959 0.021406744274169075 94628.62867722099 485
51 424.89000000000004 508591.98141542694 0.02117788785454221 94628.6282646305 500
57 466.4463333333333 158222.92137583488 0.02056947836993208 94569.08719037179 535
57 466.4463333333333 158222.92208020613 0.021151571562873266 94569.08750362253 525
57 466.4463333333333 158222.91930571964 0.020359400226533597 94569.08700240716 515
57 466.4463333333333 158222.91922126015 0.021058389752880234 94569.0860890142 505
57 466.4463333333333 131076.2493781494 0.02027042190449446 94569.08642928251 530
57 466.4463333333333 158222.9216415438 0.020309742264977303 94569.08658190993 540
57 466.4463333333333 158222.92030714868 0.019910761589208324 94569.08661690849 520
57 466.4463333333333 158222.9211405202 0.020058090151638983 94569.08728189387 545
57 466.4463333333333 158222.9214936049 0.01976610831019831 94569.08701940619 510
69 478.0040000000001 148066.7450236721 0.0197877422280775 94628.62709786519 550
69 478.0040000000001 148066.7474260982 0.01966175416283302 94628.62881295163 555
69 478.0040000000001 148066.7469045498 0.01911729278440557 94628.62671067895 570
69 478.0040000000001 135779.58458264603 0.019172583448368988 94628.62806542129 560
69 478.0040000000001 148066.74669326973 0.0195517700935616 94628.62815549101 575
85 547.0296666666667 158222.92102147127 0.019225515861179016 94569.08820413846 590
81 477.827 126401.54283942151 0.0186452319664145 94160.17271010405 585
69 478.0040000000001 148066.74556682102 0.019425612427445234 94628.62868764834 565
85 547.0296666666667 158222.92037663682 0.018651755131983458 94569.08648624601 600
85 547.0296666666667 131076.25027748744 0.01908366370035923 94569.0865099092 595
81 477.827 149306.93614733248 0.01839561545811031 94160.17164865477 580
91 527.6266666666667 148066.74659611983 0.01767975823303471 94628.6286561848 610
91 527.6266666666667 113648.11120150462 0.019390183956084522 94628.62804459731 605
105 556.4836666666666 148066.74905457936 0.018379755565134222 94628.62967306851 625
91 527.6266666666667 148066.74297017648 0.0189254971838552 94628.62715299582 615
105 556.4836666666666 124172.12746759848 0.01772192109289418 94628.62910796945 620
125 607.8466666666667 158222.9186880408 0.016999066049749996 94569.08588280201 640
131 600.53 158222.922880321 0.016685124183586916 94569.08825007424 645
125 607.8466666666667 158222.91988031604 0.0167530986570951 94569.08690590059 635
131 600.53 158222.91669092505 0.017539097759185784 94569.08580839826 650
125 607.8466666666667 158222.9203183917 0.017698684866419186 94569.08660768898 630
131 600.53 131076.24908195192 0.017323626433325245 94569.08557007236 665
131 600.53 158222.92056225668 0.016958140769908155 94569.08552081637 670
131 600.53 158222.91621322854 0.0173205732545995 94569.08684053813 675
143 600.709 148066.74102739478 0.016509342323566493 94628.62531098495 685
131 600.53 158222.91932704923 0.016599110839726237 94569.08712590182 660
143 600.709 148066.74373169214 0.016757961122684996 94628.62922086044 680
131 600.53 158222.91827844744 0.016978424689033753 94569.08669393296 655
143 600.709 148066.74242279615 0.016781666528620003 94628.62679901104 690
143 600.709 113648.12527944936 0.01815984084612213 94628.63281429745 695
145 617.6586666666667 148066.74437235456 0.016816556645283812 94628.62739124952 700
159 655.748 158222.9198820514 0.016183620918856955 94569.08766433044 720
159 655.748 158222.92481499657 0.016513815032552857 94569.09086210409 705
159 655.748 158222.91788518397 0.01638716963014256 94569.08826094118 710
159 655.748 158222.92452263052 0.016074577940023548 94569.08715898936 715
183 655.7273333333333 148066.74434807076 0.015573052173442913 94628.62571691281 730
183 655.7273333333333 148066.7458732141 0.01568391277718391 94628.62775824824 725
195 656.0963333333334 121956.17791599214 0.015840240452809285 94461.21190952993 735
207 656.143 137570.35763947 0.015352897598449003 94160.16904985048 745
207 656.143 149306.94118543668 0.015134067100567538 94160.17208822332 750
195 656.0963333333334 145066.30246849335 0.015678162825135726 94461.20926812096 740
209 710.6410000000001 158222.92009049506 0.015052752235360614 94569.0886833603 755
209 710.6410000000001 158222.92206039364 0.015183398441539668 94569.09084446098 760
223 731.3606666666666 158222.92415868453 0.015262861337465504 94569.0882370725 775
217 709.7966666666666 158222.91865840546 0.01570207167181516 94569.08489296545 765
217 709.7966666666666 158222.91558021033 0.01529267169586796 94569.08626389648 770
223 731.3606666666666 158222.9167604712 0.015545099693359531 94569.08679329565 780
247 708.533 145066.30570798463 0.015087760449064194 94461.21140032538 790
247 708.533 145066.30523939416 0.0152930224330118 94461.20610653855 785
257 749.4816666666667 148066.75595078847 0.014892883559581255 94628.63244002257 795
257 749.4816666666667 148066.74404569576 0.01491825157235096 94628.62832741978 800
269 749.1203333333334 148066.74777662967 0.014941951328563068 94628.63042131402 805
269 749.1203333333334 148066.75215091908 0.01458421762518947 94628.6302541834 810
269 749.1203333333334 148066.74579697536 0.014697400953231032 94628.62580242252 820
269 749.1203333333334 148066.74472366407 0.014199279187072813 94628.62698429791 815
289 797.8186666666667 158222.9219574163 0.014568194119637999 94569.08311487822 825
289 797.8186666666667 158222.9186661031 0.014206068768777743 94569.0898611903 830
289 797.8186666666667 158222.9229529605 0.014472612908992422 94569.08887437018 835
301 785.9253333333332 148066.74662196572 0.014423517005059566 94628.62917900921 840
301 785.9253333333332 148066.74499057038 0.01403050989634249 94628.62912401516 845
301 785.9253333333332 148066.7438011382 0.014132809420695652 94628.62685605376 850
307 785.6133333333333 148066.75374660053 0.01435148729246029 94628.63223888834 865
341 804.0770000000001 148066.7333412318 0.014401569301446987 94628.62805058357 875
307 785.6133333333333 148066.7486707024 0.014414357806473621 94628.62475113252 860
301 785.9253333333332 124172.13173023258 0.014440739288842694 94628.63094315006 855
341 804.0770000000001 148066.74741970398 0.014076871952711576 94628.62845433617 880
331 786.1416666666665 152597.0392367526 0.01396864098565257 94198.8104594795 870
353 802.8363333333333 152597.0374817728 0.01413834590541236 94198.81042542287 890
353 802.8363333333333 140260.44507942582 0.014023875610834447 94198.81013616228 885
373 843.5706666666666 148066.75068941328 0.01365155444379723 94628.62576692873 895
373 843.5706666666666 148066.74993899625 0.013955072176137027 94628.62583553916 900
401 834.6226666666666 145066.29823508865 0.01389967848201103 94461.20319244533 910
401 834.6226666666666 145066.3003288655 0.013920767043868035 94461.2100433965 915
389 834.8850000000001 148066.7425609539 0.01387034810770112 94628.62592413374 905
401 834.6226666666666 145066.2994097345 0.0138006259452266 94461.20843734698 920
423 894.3496666666666 158222.9200159991 0.013455313541147422 94569.09085874751 925
423 894.3496666666666 158222.92181601212 0.013658453586103235 94569.08841442563 940
447 884.4756666666667 148066.75560797384 0.013581585724608186 94628.63315397923 945
423 894.3496666666666 158222.92077173167 0.013191914248590083 94569.09060006912 930
423 894.3496666666666 158222.92258424274 0.013234906836913259 94569.08626858523 935
461 890.1463333333332 148066.7384741758 0.013337629082502408 94628.623946528 950
461 890.1463333333332 148066.74832324666 0.01359449790228957 94628.62904256185 955
473 890.3563333333333 148066.74531901075 0.012997930925110179 94628.6323464071 960
491 908.449 148066.74840519743 0.01344488990908796 94628.62301293052 970
485 899.2643333333334 148066.7499614137 0.013296568843048438 94628.63438383496 965
515 931.3646666666667 148066.74904180484 0.013289305885749161 94628.62978588275 975
515 931.3646666666667 148066.7522703739 0.013234131488276638 94628.63162428292 980
515 931.3646666666667 148066.74136537922 0.013055983637405975 94628.62222005923 985
527 930.3063333333333 148066.74768632645 0.013167834353362193 94628.62797123549 1000
527 930.3063333333333 148066.7406953138 0.013318480193071565 94628.62467818076 995
527 930.3063333333333 148066.74545193152 0.013046688598491013 94628.62489772086 990
