473 0.0 136949.71380859436 0.013778035501314009 94198.46398742197 0.0
473 0.5 140260.45317133525 0.013122374694383801 94198.81228361998 0.5
473 0.45 -1 0 94198.8086873133 0.45
473 0.4 140260.45074096147 0.01353792028310025 94198.81488345464 0.4
473 0.35 152597.03969733434 0.013212748512779189 94198.814570525 0.35
473 0.25 152597.0237481781 0.012937722835399705 94198.80218902398 0.25
473 0.3 -1 0 94198.81221737833 0.3
473 0.2 140260.4544442094 0.012868989810581993 94198.8173011423 0.2
473 0.15 152597.01944060816 0.013214651164620372 94198.80032719471 0.15
473 0.1 152597.03901130747 0.013240838129665415 94198.8116165122 0.1
473 0.05 140260.4390700219 0.012946314680898836 94198.813227841 0.05
473 1.0 140260.44576020408 0.022402361674852517 94198.81012824335 1.0
473 0.95 140260.4460559826 0.014664523175634455 94198.81108239695 0.95
473 0.9 140260.44349487752 0.014129292859650052 94198.80919009702 0.9
473 0.85 140260.44410569934 0.01363581691100622 94198.80736033394 0.85
473 0.8 140260.44249501594 0.013415147549904175 94198.80769869774 0.8
473 0.65 140260.44925472038 0.013611997997439477 94198.81560247122 0.65
473 0.75 140260.4400390579 0.013743566704594031 94198.80446212065 0.75
473 0.7 152597.029042094 0.013393338935680588 94198.81205458668 0.7
473 0.6 140260.45690412694 0.013331959397271508 94198.8183640118 0.6
473 0.55 140260.4460641978 0.013232452550131571 94198.80441669904 0.55
