85 85 131076.2505324981 0.018632098853780407 94569.08738627056 0
85 85 131076.24514562695 0.019497519638792093 94569.08516216144 5
91 91 111320.25147760609 0.01958490164329421 94444.21415491932 10
91 91 138182.91191274123 0.01914692487674399 94195.77091235081 15
105 105 1249721.0065001708 0.019301548505855425 94195.7715248729 20
125 125 148066.74696220813 0.017568386700026514 94628.62695670032 25
125 125 148066.74622570752 0.01739768797429994 94628.62789060269 30
131 131 124172.12918064519 0.01720059458688421 94628.62914375908 50
131 131 148066.74857098557 0.017284115584327412 94628.63268716393 45
131 131 140260.44667388705 0.017255535801241725 94198.8105225227 40
131 131 686584.9082581003 0.01677681312046192 94198.81057336018 35
131 131 148066.74131808695 0.01721953186057435 94628.62658699923 55
143 143 121077.17696629484 0.017115228437964695 94444.21480456395 60
143 143 143572.3761810364 0.015888807346481522 94444.21429949919 75
143 143 143572.37814249104 0.016049585154433374 94444.2180153094 70
143 143 121077.18405410262 0.016501494725626984 94444.21888681456 65
159 159 148066.74360158693 0.016088563164821476 94628.62561321528 85
159 159 124172.12310756277 0.016473245732029303 94628.6257358202 80
159 159 1150360.785684789 0.016562437591795216 94628.63191888816 95
159 159 124172.12227846975 0.015933077397244873 94628.62647504218 90
183 183 138182.91859275685 0.015508131484346235 94195.77508645078 0
183 183 145066.30546561343 0.016219979674605933 94461.21298801395 5
195 195 116125.22810601692 0.01595033771271098 94160.17263580197 15
195 195 143572.37802371645 0.015945063847481875 94444.21593235471 10
207 207 145048.52843706385 0.015474362735242917 94182.10328882029 25
209 209 148066.74573100478 0.01586721111831719 94628.62620840767 35
207 207 913030.4357409946 0.015896486870528463 94182.10191134921 20
209 209 124172.11824116054 0.015678146127217945 94628.62613406067 30
217 217 148066.74382843907 0.015380318426834945 94628.62707277456 40
217 217 148066.745972424 0.015072632561628536 94628.62527790436 45
223 223 158222.92404865226 0.015445423067217056 94569.08666622345 50
223 223 158222.9210738089 0.015388106781797299 94569.0861115704 55
247 247 121077.1758266807 0.015331976590506162 94444.21191453475 65
247 247 137570.36838652738 0.01503624373920182 94160.17379977227 60
257 257 148066.74206479586 0.014894711943017138 94628.62545383091 75
269 269 148066.75898481213 0.01438390072427931 94628.6351136455 95
257 257 148066.74509917194 0.014969226532180366 94628.63138132107 70
269 269 148066.746659669 0.014734916624245692 94628.62851178015 80
269 269 148066.74838870755 0.015212669361076698 94628.62855636812 85
269 269 124172.12466426383 0.015052241554852833 94628.62874957295 90
289 289 158222.92514398333 0.015022668233557896 94569.08875401069 0
289 289 158222.92337604557 0.01467132220301902 94569.08959921448 20
289 289 158222.91715404615 0.014572695525779862 94569.08165736446 10
289 289 158222.9223991078 0.01504668584992299 94569.0874770985 5
289 289 158222.91538934392 0.014664726948877228 94569.08646339776 15
301 301 148066.7444562853 0.014347473233903191 94628.62756999857 45
301 301 148066.74667112544 0.014941193699885131 94628.62674409016 40
301 301 148066.7436127104 0.014671689989728148 94628.62760928228 35
301 301 148066.73295576722 0.014539792729030917 94628.62704532254 30
301 301 148066.74503503315 0.01452782219399556 94628.62554283915 25
307 307 113648.10746068582 0.014891647901179174 94628.62899225381 50
307 307 124172.137088287 0.014382023753884093 94628.63004001664 55
331 331 145066.31099331586 0.014178474053942713 94461.21715762283 65
341 341 148066.74328725447 0.01426896118066678 94628.62788119027 80
331 331 121956.17698171362 0.014081335589636512 94461.20865404955 60
353 353 145066.2974020975 0.014182673505129412 94461.2066746768 90
341 341 148066.74524554863 0.014105378344046276 94628.62946395804 70
353 353 145066.30804604315 0.014044962926348228 94461.21230239284 85
341 341 148066.7439812734 0.014393340533938415 94628.62904562798 75
373 373 148066.73771712658 0.014336109101835246 94628.6259805776 95
373 373 148066.75647690264 0.013943280542855124 94628.63108550425 0
401 401 145066.3106091554 0.01390309006491513 94461.21333498624 30
389 389 140260.44563108982 0.013978456364719317 94198.80785608139 10
389 389 152597.04491510525 0.013624022727183197 94198.81436695039 15
401 401 145066.30293829046 0.01378028499194385 94461.20930618425 35
389 389 140260.44636087288 0.013759277699411222 94198.81412254703 5
401 401 145066.30710709438 0.013579883751559925 94461.2109457426 25
401 401 145066.30555879927 0.013589342733837093 94461.21160917218 40
401 401 145066.30469162072 0.013941258883002221 94461.20765135277 20
423 423 158222.92295024815 0.013854904738274998 94569.0904335098 50
423 423 158222.9123672403 0.013469432262092261 94569.08256461774 45
423 423 158222.9222077776 0.013737724556998468 94569.09140123412 60
423 423 158222.91420320972 0.013757104555530947 94569.08547450785 55
423 423 158222.9227394014 0.01375643783426597 94569.09115454918 65
447 447 148066.7415493049 0.013645817047503735 94628.62536968141 70
447 447 148066.74730367272 0.013564830650487938 94628.62678729538 80
447 447 148066.74537203612 0.013661034982709822 94628.62668221424 75
461 461 148066.7445763113 0.013571704426210725 94628.6271166405 85
461 461 148066.7420741157 0.013426895713592723 94628.62568914266 90
473 473 148066.7511493278 0.013535955115088595 94628.630411743 95
473 473 148066.74992247522 0.013527528938171572 94628.62986937078 0
473 473 148066.74675356844 0.013199516407430991 94628.62904663756 5
491 491 148066.745654313 0.013309609339485329 94628.63092872732 10
491 491 148066.74078785215 0.013278124646200238 94628.6253216893 15
515 515 148066.7542715164 0.013203471200288577 94628.63474852285 40
515 515 148066.7405117262 0.013253380786548662 94628.62703042693 30
515 515 148066.74956200013 0.013287729643744802 94628.62705368747 35
515 515 148066.74662593624 0.012930590995147189 94628.62935405983 20
515 515 148066.7477360941 0.012980881647299523 94628.63099602248 25
515 515 148066.74718664607 0.013101463807987981 94628.62988488456 45
527 527 148066.75502247657 0.01294735697113198 94628.63096752261 50
527 527 148066.7421071201 0.01327996072709687 94628.6301362989 60
527 527 148066.74980845395 0.013293304295956564 94628.63242502563 70
527 527 148066.7516185608 0.012960699482633398 94628.62964567605 65
539 539 148066.73869462425 0.01320879034573829 94628.62654722769 90
539 539 148066.742312489 0.01301700871301156 94628.62386013105 0
539 539 148066.748679382 0.012938891765350487 94628.62805849648 85
527 527 148066.7459651413 0.013095295635094874 94628.62439968334 55
539 539 148066.7520833093 0.012987748786135882 94628.62819769389 95
539 539 148066.75077051896 0.013044349427084587 94628.63008877973 75
539 539 148066.74419526267 0.013004971713091104 94628.62921398724 80
