3491.2634066288088 -6314.208154956334 11582.300480804977
3575.182194263905 -6368.885600369811 11831.051858416778
3666.155003152442 -6424.791754875607 12099.7179482489
3765.235071789769 -6481.767154238071 12391.17937820372
3873.710750683169 -6539.554848394263 12708.940031794069
3993.1773239034587 -6597.753688972819 13057.3120924358
4125.637422880439 -6655.74670273474 13441.672908880939
4273.644476439969 -6712.58887198962 13868.8290428357
4440.512728463201 -6766.826820457738 14347.54451738186
4630.633476637438 -6816.200351902748 14889.32823417276
4849.966997151076 -6857.130760454469 15509.64469993223
5106.837445986424 -6883.805988058959 16229.844126219312
5413.276640297002 -6886.459892969149 17080.37308458214
5787.422538215734 -6847.927632501395 18106.393159956577
6258.09464991197 -6736.189509696693 19378.23365937001
6874.277320017779 -6486.520916793113 21012.337353718318
7726.955885303342 -5952.605204217499 23217.152734732357
9006.521941742252 -4744.902392307321 26403.83995181801
11175.908126807139 -1524.8938650576301 31454.630815417328
15281.36109680155 10500.548368360769 39232.17285084796
12518.63913727886 43875.16553882218 21549.364373856508
3335.828568889743 37375.81221496551 -1970.5093939245392
788.1027542226167 29765.76507664047 -6752.487013113114
-168.7558525020674 25343.136533965073 -8078.611752778224
-634.2662648226334 22474.38177143926 -8508.31619426603
