473 890.3563333333333 162123.75567067167 0.01382454512120788 94580.84638528443 960
473 357.557 162123.75567067167 0.01382454512120788 94580.84638528443 300
473 357.557 162123.75567067167 0.01382454512120788 94580.84638528443 300
473 357.557 162123.75567067167 0.01382454512120788 94580.84638528443 300
473 357.557 162123.75567067167 0.01382454512120788 94580.84638528443 300
473 744.911 114086.03318590461 0.013817772410681264 94107.7677505566 625
527 930.3063333333333 148066.7392005411 0.012955285279592558 94628.62698814138 995
527 930.3063333333333 148066.7392005411 0.012955285279592558 94628.62698814138 995
473 744.911 114086.03318590461 0.013817772410681264 94107.7677505566 625
473 357.557 162123.75567067167 0.01382454512120788 94580.84638528443 300
