384.7436666666667 171.54108636017617
403.2853333333334 172.3074762838699
417.1913333333334 201.6309778791577
407.9206666666667 196.98292395397164
412.5563333333334 183.7379274347563
398.65000000000003 206.86806954081095
380.108 172.47411591743233
370.837 153.70585747166322
394.0143333333333 161.9064530508116
375.4723333333334 172.74488755626643
389.3786666666667 173.9336158960277
426.4626666666666 192.66697781571182
445.0043333333333 205.22115535448881
454.2753333333333 191.30692604591457
463.5463333333334 203.9037375894832
431.09799999999996 173.64426448314964
458.91066666666666 210.73857258950537
435.73333333333335 192.31423858924575
449.64000000000004 202.70247656865823
421.82733333333334 181.320729582449
440.3693333333334 206.32834172814856
491.359 269.65116380772287
495.99466666666666 226.79879524125585
486.7236666666667 224.21247251053802
482.0883333333333 201.88418426454555
468.182 209.42795787183755
509.901 230.36364379148205
505.2656666666667 236.65930291103552
500.62999999999994 248.713943867941
472.817 209.42649130114887
477.45266666666674 237.56567282137658
556.2553333333334 229.15787752158906
546.9846666666667 264.99537373652583
551.6203333333333 250.5998787218747
537.7136666666667 238.62724974196243
523.8076666666667 239.42117153652512
528.4426666666667 274.1859260187319
542.3493333333334 206.54066745493537
514.5363333333333 246.2742728151557
519.1716666666666 129.44603443822618
533.0783333333333 299.77777442925424
570.1616666666667 264.256048093887
560.8906666666667 253.39164032881143
584.0686666666667 265.948457346843
597.9746666666666 245.6598072997443
602.61 277.8975792079403
593.3393333333333 260.2705492089947
588.7036666666667 224.1272914464916
565.5266666666666 294.0872310349892
574.7973333333334 220.46057966924235
579.4326666666667 239.0124661484106
648.965 272.7136248746527
616.5163333333334 263.78163501009556
625.7876666666666 268.6615679544486
635.0583333333333 316.30856727654697
630.423 299.21475706071476
639.694 313.86353904110604
644.3293333333332 293.2485205954145
611.8813333333333 269.84960085144434
621.152 256.72820338600684
607.2456666666666 277.17982604817695
667.507 318.3293048904225
658.2356666666666 261.9318647459723
662.871 272.5611629090183
653.6003333333333 318.83788746634684
690.6839999999999 261.54299052211803
672.1419999999999 337.37718560770446
695.3196666666666 273.5978176413405
686.0486666666667 337.8115115734174
676.7776666666666 292.9571050682481
681.4129999999999 290.4388133148018
727.7676666666666 320.71906842993417
741.674 382.8027259247432
709.226 326.2425942303653
737.0386666666667 349.2859268382878
718.4966666666666 321.1191554510978
699.9546666666666 312.7462513018805
704.5903333333332 304.3624821233139
732.4033333333333 299.53309803310293
713.8613333333333 312.47928953755815
723.1323333333333 359.11646213997676
755.5803333333333 300.2449640060964
778.7580000000002 346.4528360884509
746.3096666666667 355.928713349656
783.393 304.7450161253194
764.8513333333334 374.0415043772581
760.216 338.580822916751
788.029 318.07530522502253
769.4870000000001 339.8659346454514
750.9453333333335 341.02127898570967
774.1223333333334 324.43756465396297
792.6643333333333 419.7338324037096
797.2996666666667 306.30299560131056
806.5706666666669 386.8538436032779
811.206 368.5527444978423
825.1123333333334 356.75712112715615
829.748 357.62447546465904
801.935 403.71616107089545
820.477 318.5014750961928
815.8416666666667 334.9618811255533
834.3836666666666 424.69255537401233
839.0186666666667 368.4895185674311
880.7376666666668 365.1829813996786
871.467 375.29266212215146
866.8313333333334 410.16283514803257
862.196 360.9081514444564
843.6540000000001 422.84831298344125
876.1026666666667 404.22985221969634
848.29 409.2875663785284
852.9250000000001 324.7989990117675
857.5606666666667 408.7834083238352
908.5503333333332 436.86639173273403
890.009 399.7346161333812
894.6443333333333 350.1327791811224
917.8216666666667 357.384951665525
922.457 451.06689821000765
903.9153333333334 400.51391649305424
913.1863333333334 393.46419329982825
885.3733333333333 405.27153915764995
927.0923333333334 453.64422326617074
899.2796666666667 400.15318900877327
