384.7436666666667 150.99261798491676
398.65000000000003 162.7665029118292
375.4723333333334 154.72696207764093
407.9206666666667 211.24016742203153
380.108 162.88633295257748
417.1913333333334 180.03875408070408
394.0143333333333 186.76169086608124
370.837 188.66274058726628
389.3786666666667 173.70751025295317
403.2853333333334 157.95054246797397
412.5563333333334 211.5484519450921
426.4626666666666 200.26350949878022
445.0043333333333 199.68482837724795
421.82733333333334 181.30201630353943
463.5463333333334 211.07011146872412
454.2753333333333 198.2825811714727
449.64000000000004 216.6398249942881
435.73333333333335 207.45480731920992
431.09799999999996 172.53441232167648
440.3693333333334 172.8981914053838
458.91066666666666 204.1965157857959
509.901 225.3136772582485
472.817 206.0543295423139
468.182 197.1508067698531
495.99466666666666 210.9011448645214
482.0883333333333 203.71070314732415
491.359 203.69262620593415
477.45266666666674 213.57132855807043
505.2656666666667 241.30148877780047
500.62999999999994 228.75893667369277
486.7236666666667 223.35436587172822
542.3493333333334 235.87576733255753
528.4426666666667 272.6376097597129
537.7136666666667 253.40773142808808
556.2553333333334 272.6028585492028
533.0783333333333 230.45729630316893
551.6203333333333 264.07554816826456
546.9846666666667 207.38985186071304
523.8076666666667 215.7851903700827
514.5363333333333 210.53741323098512
519.1716666666666 235.83123598703324
560.8906666666667 246.6672379896233
584.0686666666667 261.0477692882939
593.3393333333333 306.0792817633865
588.7036666666667 290.27078613871925
570.1616666666667 311.909808595621
597.9746666666666 271.5817141656544
602.61 258.51793182960773
579.4326666666667 243.87283981149008
565.5266666666666 242.66544154940746
574.7973333333334 210.35119223697237
639.694 294.7436110223696
635.0583333333333 311.14870402439783
630.423 279.9844121318046
611.8813333333333 269.1386047390872
607.2456666666666 250.61328034831956
621.152 296.7167950862419
648.965 284.3217166539139
625.7876666666666 350.4059874319756
616.5163333333334 257.11996507227246
644.3293333333332 292.4400818426881
658.2356666666666 304.20903229797506
672.1419999999999 301.4713679945553
695.3196666666666 292.1729751602847
662.871 295.8690797257073
690.6839999999999 334.0375027885958
653.6003333333333 287.9341190015276
667.507 331.7799700943385
676.7776666666666 296.9136513672099
681.4129999999999 256.5438060451595
686.0486666666667 250.12030425584916
727.7676666666666 337.34487242754443
723.1323333333333 324.4036730046984
718.4966666666666 284.8123022039524
741.674 345.8547023328498
737.0386666666667 329.4331794553696
709.226 314.2715185553326
713.8613333333333 312.77084277304357
699.9546666666666 288.80215556524865
704.5903333333332 297.12004703091213
732.4033333333333 285.3460294876632
746.3096666666667 360.55425238258096
764.8513333333334 357.16604787572874
778.7580000000002 375.76790354836845
755.5803333333333 347.5836385836797
760.216 351.2801738130427
774.1223333333334 340.9902386008798
750.9453333333335 306.5815539247049
783.393 383.7804144179898
788.029 418.1753568505483
769.4870000000001 332.68301856061714
801.935 354.9594882196739
820.477 356.69487205880296
797.2996666666667 371.7461468394423
825.1123333333334 380.96784085974934
792.6643333333333 366.00617219754827
811.206 367.6509277984104
806.5706666666669 399.04327860109265
834.3836666666666 384.84141280866714
815.8416666666667 386.8235439294799
829.748 396.61205273343484
852.9250000000001 403.75791404067616
857.5606666666667 344.69830756919583
839.0186666666667 395.24555572681095
843.6540000000001 394.00615011862925
866.8313333333334 407.37084048777916
880.7376666666668 450.0148989994176
862.196 422.8752937090805
871.467 410.984627053462
876.1026666666667 401.3777963881776
848.29 403.66396914231893
908.5503333333332 442.8880169280614
922.457 386.01178314779327
899.2796666666667 413.54433136621856
917.8216666666667 397.0427182248366
890.009 440.8382686053255
913.1863333333334 360.0072621013137
927.0923333333334 457.8299374735327
885.3733333333333 389.51727694148616
894.6443333333333 341.75694800533597
903.9153333333334 416.03142094842985
384.7436666666667 150.99261798491676
412.5563333333334 211.5484519450921
394.0143333333333 186.76169086608124
370.837 188.66274058726628
398.65000000000003 162.7665029118292
417.1913333333334 180.03875408070408
403.2853333333334 157.95054246797397
375.4723333333334 154.72696207764093
407.9206666666667 211.24016742203153
380.108 162.88633295257748
389.3786666666667 173.70751025295317
421.82733333333334 181.30201630353943
435.73333333333335 207.45480731920992
454.2753333333333 198.2825811714727
445.0043333333333 199.68482837724795
449.64000000000004 216.6398249942881
431.09799999999996 172.53441232167648
426.4626666666666 200.26350949878022
458.91066666666666 204.1965157857959
440.3693333333334 172.8981914053838
463.5463333333334 211.07011146872412
486.7236666666667 223.35436587172822
495.99466666666666 210.9011448645214
509.901 225.3136772582485
505.2656666666667 241.30148877780047
468.182 197.1508067698531
500.62999999999994 228.75893667369277
482.0883333333333 203.71070314732415
472.817 206.0543295423139
477.45266666666674 213.57132855807043
491.359 203.69262620593415
523.8076666666667 215.7851903700827
546.9846666666667 207.38985186071304
519.1716666666666 235.83123598703324
537.7136666666667 253.40773142808808
551.6203333333333 264.07554816826456
514.5363333333333 210.53741323098512
533.0783333333333 230.45729630316893
528.4426666666667 272.6376097597129
542.3493333333334 235.87576733255753
556.2553333333334 272.6028585492028
579.4326666666667 243.87283981149008
560.8906666666667 246.6672379896233
584.0686666666667 261.0477692882939
597.9746666666666 271.5817141656544
602.61 258.51793182960773
588.7036666666667 290.27078613871925
570.1616666666667 311.909808595621
574.7973333333334 210.35119223697237
565.5266666666666 242.66544154940746
593.3393333333333 306.0792817633865
635.0583333333333 311.14870402439783
644.3293333333332 292.4400818426881
611.8813333333333 269.1386047390872
607.2456666666666 250.61328034831956
621.152 296.7167950862419
648.965 284.3217166539139
625.7876666666666 350.4059874319756
639.694 294.7436110223696
630.423 279.9844121318046
616.5163333333334 257.11996507227246
681.4129999999999 256.5438060451595
658.2356666666666 304.20903229797506
653.6003333333333 287.9341190015276
690.6839999999999 334.0375027885958
672.1419999999999 301.4713679945553
676.7776666666666 296.9136513672099
662.871 295.8690797257073
686.0486666666667 250.12030425584916
667.507 331.7799700943385
695.3196666666666 292.1729751602847
723.1323333333333 324.4036730046984
699.9546666666666 288.80215556524865
709.226 314.2715185553326
737.0386666666667 329.4331794553696
718.4966666666666 284.8123022039524
732.4033333333333 285.3460294876632
704.5903333333332 297.12004703091213
741.674 345.8547023328498
713.8613333333333 312.77084277304357
727.7676666666666 337.34487242754443
755.5803333333333 347.5836385836797
783.393 383.7804144179898
760.216 351.2801738130427
746.3096666666667 360.55425238258096
750.9453333333335 306.5815539247049
778.7580000000002 375.76790354836845
769.4870000000001 332.68301856061714
764.8513333333334 357.16604787572874
774.1223333333334 340.9902386008798
788.029 418.1753568505483
820.477 356.69487205880296
801.935 354.9594882196739
797.2996666666667 371.7461468394423
792.6643333333333 366.00617219754827
834.3836666666666 384.84141280866714
825.1123333333334 380.96784085974934
829.748 396.61205273343484
815.8416666666667 386.8235439294799
811.206 367.6509277984104
806.5706666666669 399.04327860109265
876.1026666666667 401.3777963881776
871.467 410.984627053462
866.8313333333334 407.37084048777916
857.5606666666667 344.69830756919583
839.0186666666667 395.24555572681095
852.9250000000001 403.75791404067616
848.29 403.66396914231893
880.7376666666668 450.0148989994176
862.196 422.8752937090805
843.6540000000001 394.00615011862925
922.457 386.01178314779327
885.3733333333333 389.51727694148616
927.0923333333334 457.8299374735327
899.2796666666667 413.54433136621856
903.9153333333334 416.03142094842985
913.1863333333334 360.0072621013137
917.8216666666667 397.0427182248366
894.6443333333333 341.75694800533597
908.5503333333332 442.8880169280614
890.009 440.8382686053255
125.15733333333333 55.91358838793115
92.70923333333333 43.18895561228013
120.522 51.44677409700725
101.98033333333335 51.55668238313169
139.064 55.21343922004469
106.61540000000001 53.96228814864366
129.793 65.59586060427861
115.88666666666666 41.06904208782929
97.34463333333333 45.293315298983835
111.25100000000002 48.288016402806264
134.4283333333333 59.55217089189987
185.41866666666667 89.39955907477137
176.14766666666665 77.77231312080774
157.606 73.91596153916404
171.51200000000003 74.11394569197427
148.33466666666666 63.7055787512815
162.24099999999999 70.58027841367954
143.69933333333333 61.83203173075608
152.97 66.5031010437227
166.87666666666667 72.60510778733985
180.78300000000002 66.86797333275814
231.7733333333333 102.37729312056861
194.68966666666665 86.0777045942217
203.9606666666667 97.42778562127359
227.13766666666666 114.8578806707289
217.867 94.84263957570639
208.5956666666667 104.57750610920536
199.32500000000002 88.52744227591035
213.2313333333333 101.63152910600027
190.0536666666667 98.09985720080675
222.50233333333335 108.08541363212167
241.04433333333336 122.93836094715593
245.67966666666666 118.26781367919048
236.40866666666668 109.05538091226127
250.31500000000003 126.37052501967102
268.857 130.851884171134
273.49233333333336 121.36227096205567
278.128 135.58760600172138
254.95033333333333 103.53454233446695
259.58633333333336 106.70361762805106
264.22133333333335 115.2477031240143
296.66966666666667 150.75770424005546
310.576 137.80800537888817
301.30533333333335 144.0497020405199
282.7633333333333 126.97588608320353
324.4823333333334 144.86712704104224
319.847 144.53386441237203
287.39866666666666 132.91886306730436
292.03399999999993 105.61819529906333
315.21133333333336 140.00721186309192
305.94033333333334 147.11931628230923
343.02433333333335 170.11879310030088
361.56600000000003 166.33781965540484
333.753 157.99415737071212
352.295 157.3803552807186
338.389 170.76600168354918
347.6596666666667 150.47872132836872
366.20166666666665 134.41339744892267
356.93066666666664 171.91566217482531
329.118 161.90842159310046
370.837 130.01488141614414
384.7436666666667 171.54108636017617
403.2853333333334 172.3074762838699
417.1913333333334 201.6309778791577
407.9206666666667 196.98292395397164
412.5563333333334 183.7379274347563
398.65000000000003 206.86806954081095
380.108 172.47411591743233
370.837 153.70585747166322
394.0143333333333 161.9064530508116
375.4723333333334 172.74488755626643
389.3786666666667 173.9336158960277
426.4626666666666 192.66697781571182
445.0043333333333 205.22115535448881
454.2753333333333 191.30692604591457
463.5463333333334 203.9037375894832
431.09799999999996 173.64426448314964
458.91066666666666 210.73857258950537
435.73333333333335 192.31423858924575
449.64000000000004 202.70247656865823
421.82733333333334 181.320729582449
440.3693333333334 206.32834172814856
491.359 269.65116380772287
495.99466666666666 226.79879524125585
486.7236666666667 224.21247251053802
482.0883333333333 201.88418426454555
468.182 209.42795787183755
509.901 230.36364379148205
505.2656666666667 236.65930291103552
500.62999999999994 248.713943867941
472.817 209.42649130114887
477.45266666666674 237.56567282137658
556.2553333333334 229.15787752158906
546.9846666666667 264.99537373652583
551.6203333333333 250.5998787218747
537.7136666666667 238.62724974196243
523.8076666666667 239.42117153652512
528.4426666666667 274.1859260187319
542.3493333333334 206.54066745493537
514.5363333333333 246.2742728151557
519.1716666666666 129.44603443822618
533.0783333333333 299.77777442925424
570.1616666666667 264.256048093887
560.8906666666667 253.39164032881143
584.0686666666667 265.948457346843
597.9746666666666 245.6598072997443
602.61 277.8975792079403
593.3393333333333 260.2705492089947
588.7036666666667 224.1272914464916
565.5266666666666 294.0872310349892
574.7973333333334 220.46057966924235
579.4326666666667 239.0124661484106
648.965 272.7136248746527
616.5163333333334 263.78163501009556
625.7876666666666 268.6615679544486
635.0583333333333 316.30856727654697
630.423 299.21475706071476
639.694 313.86353904110604
644.3293333333332 293.2485205954145
611.8813333333333 269.84960085144434
621.152 256.72820338600684
607.2456666666666 277.17982604817695
667.507 318.3293048904225
658.2356666666666 261.9318647459723
662.871 272.5611629090183
653.6003333333333 318.83788746634684
690.6839999999999 261.54299052211803
672.1419999999999 337.37718560770446
695.3196666666666 273.5978176413405
686.0486666666667 337.8115115734174
676.7776666666666 292.9571050682481
681.4129999999999 290.4388133148018
727.7676666666666 320.71906842993417
741.674 382.8027259247432
709.226 326.2425942303653
737.0386666666667 349.2859268382878
718.4966666666666 321.1191554510978
699.9546666666666 312.7462513018805
704.5903333333332 304.3624821233139
732.4033333333333 299.53309803310293
713.8613333333333 312.47928953755815
723.1323333333333 359.11646213997676
755.5803333333333 300.2449640060964
778.7580000000002 346.4528360884509
746.3096666666667 355.928713349656
783.393 304.7450161253194
764.8513333333334 374.0415043772581
760.216 338.580822916751
788.029 318.07530522502253
769.4870000000001 339.8659346454514
750.9453333333335 341.02127898570967
774.1223333333334 324.43756465396297
792.6643333333333 419.7338324037096
797.2996666666667 306.30299560131056
806.5706666666669 386.8538436032779
811.206 368.5527444978423
825.1123333333334 356.75712112715615
829.748 357.62447546465904
801.935 403.71616107089545
820.477 318.5014750961928
815.8416666666667 334.9618811255533
834.3836666666666 424.69255537401233
839.0186666666667 368.4895185674311
880.7376666666668 365.1829813996786
871.467 375.29266212215146
866.8313333333334 410.16283514803257
862.196 360.9081514444564
843.6540000000001 422.84831298344125
876.1026666666667 404.22985221969634
848.29 409.2875663785284
852.9250000000001 324.7989990117675
857.5606666666667 408.7834083238352
908.5503333333332 436.86639173273403
890.009 399.7346161333812
894.6443333333333 350.1327791811224
917.8216666666667 357.384951665525
922.457 451.06689821000765
903.9153333333334 400.51391649305424
913.1863333333334 393.46419329982825
885.3733333333333 405.27153915764995
927.0923333333334 453.64422326617074
899.2796666666667 400.15318900877327
