473 384.7436666666667 148066.7451636027 0.005832864525786778 94628.62812156865 415
473 403.2853333333334 148066.74512715096 0.006069415715136416 94628.62822162223 435
473 407.9206666666667 148066.74527011305 0.006380070393128888 94628.62728384638 440
473 417.1913333333334 148066.74657794484 0.006421811721273925 94628.62839792395 450
473 412.5563333333334 148066.74657655248 0.006212853873769019 94628.62837752335 445
473 398.65000000000003 148066.74683205082 0.006118862736862103 94628.6289816326 430
473 380.108 148066.7467820562 0.005809913259814372 94628.62694069605 410
473 394.0143333333333 148066.74531816517 0.005896806455667395 94628.62775934902 425
473 370.837 148066.7447427658 0.005467577560775033 94628.62758193215 400
473 375.4723333333334 148066.7480762273 0.005741831855896688 94628.62915322636 405
473 389.3786666666667 148066.7484128335 0.005911264114701292 94628.63004500669 420
473 426.4626666666666 148066.7468612543 0.0063951394474718384 94628.6275739766 460
473 445.0043333333333 148066.74756756044 0.006653080908528561 94628.62919027994 480
473 454.2753333333333 148066.74387415985 0.0068698546285171315 94628.62861445388 490
473 463.5463333333334 148066.74477612972 0.0069984809537945265 94628.62582572972 500
473 431.09799999999996 148066.74431566615 0.006240960475122147 94628.62790449856 465
473 458.91066666666666 148066.7419095676 0.007002737475803047 94628.6277631551 495
473 435.73333333333335 148066.74526264734 0.0065700371369162 94628.62732171144 470
473 449.64000000000004 148066.74434492056 0.006780513717780267 94628.62748302775 485
473 421.82733333333334 148066.74643402628 0.006365744937332336 94628.62649214859 455
473 440.3693333333334 148066.74730103134 0.0063989838627508235 94628.62894830322 475
473 495.99466666666666 148066.74524135617 0.007530225761056293 94628.62704226073 535
473 491.359 148066.74471157783 0.0074662361538310905 94628.62681860631 530
473 486.7236666666667 148066.74435441813 0.0074270900332258 94628.62704399988 525
473 482.0883333333333 148066.74966100728 0.007408359559590867 94628.62916874849 520
473 468.182 148066.74722254634 0.007073693995462161 94628.62932961131 505
473 509.901 148066.74425176842 0.007749915066424976 94628.62734955997 550
473 505.2656666666667 148066.74613810662 0.007646418880216434 94628.62894660122 545
473 500.62999999999994 148066.74677926546 0.0077094698476523355 94628.62841807661 540
473 472.817 148066.75048132564 0.006913269485989798 94628.62927302548 510
473 477.45266666666674 148066.74944066198 0.007221481275190598 94628.62868723868 515
473 556.2553333333334 148066.74737652967 0.008655804822788426 94628.6289404728 600
473 551.6203333333333 148066.74392481352 0.008380193784992903 94628.62753911695 595
473 546.9846666666667 148066.7443871769 0.008348601742303383 94628.62614304449 590
473 537.7136666666667 148066.74050714227 0.007963567075434589 94628.62801362002 580
473 528.4426666666667 148066.74199391343 0.008021688281140657 94628.62634084202 570
473 523.8076666666667 148066.75184298636 0.008001473535586057 94628.62972872272 565
473 542.3493333333334 148066.74461463172 0.008093617253429388 94628.62684706594 585
473 514.5363333333333 148066.7472190136 0.007687745701676648 94628.62664824878 555
473 519.1716666666666 148066.74521879977 0.0076589976962253056 94628.62586728806 560
473 533.0783333333333 148066.7466153209 0.007887882007728294 94628.62336522469 575
473 570.1616666666667 148066.74802102346 0.008744330597238194 94628.6285829042 615
473 560.8906666666667 148066.743685165 0.008462106842094263 94628.62630253371 605
473 597.9746666666666 148066.7460223291 0.009253214109276466 94628.62851563322 645
473 584.0686666666667 148066.74818514448 0.008938690347548113 94628.6285625404 630
473 602.61 148066.75476466469 0.00875335701411388 94628.6266564346 650
473 588.7036666666667 124172.12456310343 0.008653286392178668 94628.62524012725 635
473 593.3393333333333 148066.7445495209 0.008980593893985579 94628.62650652645 640
473 565.5266666666666 148066.75055096665 0.00859384429957741 94628.62891626704 610
473 574.7973333333334 148066.74839839828 0.008571552857768122 94628.62787257278 620
473 579.4326666666667 148066.74999019437 0.00846962404666545 94628.6266801957 625
473 648.965 148066.7468446005 0.009787610190789628 94628.63052593863 700
473 616.5163333333334 148066.74322120572 0.009058852214331638 94628.62610615026 665
473 625.7876666666666 148066.74732568825 0.00941995320176945 94628.62743378544 675
473 630.423 148066.75174073197 0.00943041425778729 94628.63226299973 680
473 635.0583333333333 148066.744053974 0.00950301373277136 94628.62627413913 685
473 639.694 148066.74545198848 0.009673509532912105 94628.62915993044 690
473 644.3293333333332 148066.74570032285 0.009439321660400589 94628.62689624201 695
473 611.8813333333333 148066.74881052994 0.009105190063422258 94628.63041772613 660
473 621.152 148066.75218950142 0.009313421445432344 94628.62705893665 670
473 607.2456666666666 148066.7442660885 0.0090284051057234 94628.62207359634 655
473 658.2356666666666 148066.74669345462 0.009912194857435812 94628.62776233623 710
473 667.507 148066.74181421995 0.010152502324240965 94628.62674903819 720
473 662.871 148066.7528816418 0.010153838362642855 94628.62982474171 715
473 653.6003333333333 148066.7509696006 0.01011117552847643 94628.62904026765 705
473 690.6839999999999 148066.74399562523 0.010286935587717599 94628.62752444515 745
473 695.3196666666666 148066.74300033308 0.01039102336917383 94628.62776223887 750
473 672.1419999999999 148066.74457159656 0.010196927069026297 94628.62778924486 725
473 686.0486666666667 148066.74871747024 0.010256103113063566 94628.63216600295 740
473 676.7776666666666 148066.74754002952 0.009970423178619642 94628.6302696945 730
473 681.4129999999999 816181.7818505202 0.010047177177370895 94628.62622916538 735
473 727.7676666666666 148066.75189808372 0.010844902728205258 94628.63061744344 785
473 741.674 148066.7458831287 0.011419413265703697 94628.62666246899 800
473 709.226 148066.74601322063 0.01035820609662618 94628.62947096738 765
473 737.0386666666667 148066.75015362242 0.011244659050539065 94628.62870370934 795
473 718.4966666666666 148066.74009955212 0.010944684981235598 94628.62946757833 775
473 699.9546666666666 148066.74957964357 0.01067787897332892 94628.62745265 755
473 704.5903333333332 148066.74708050067 0.010585121861672502 94628.6324545741 760
473 732.4033333333333 148066.7456032879 0.010880689041072507 94628.62931091535 790
473 713.8613333333333 148066.74688222504 0.010795427641392602 94628.62921783033 770
473 723.1323333333333 148066.74326484682 0.01086293384426941 94628.62618107208 780
473 755.5803333333333 148066.74982942146 0.01142659450609854 94628.62877940286 815
473 778.7580000000002 148066.74249147004 0.011762406975716476 94628.62442244982 840
473 783.393 148066.74422500105 0.011336492604753915 94628.62734721303 845
473 746.3096666666667 148066.75331851936 0.011156983615071954 94628.6311842644 805
473 764.8513333333334 148066.74843835406 0.011528507002424365 94628.63196186326 825
473 760.216 148066.74661088936 0.011498822828259212 94628.62980490901 820
473 750.9453333333335 148066.74926204508 0.01152212900191145 94628.62742812025 810
473 788.029 148066.74003453559 0.011779719605302757 94628.62271475044 850
473 769.4870000000001 148066.7501304796 0.01134365697689926 94628.63135901175 830
473 774.1223333333334 148066.7505834376 0.01112475915161326 94628.62931487718 835
473 792.6643333333333 148066.74613808465 0.012307773321940968 94628.62761490507 855
473 797.2996666666667 148066.74444031078 0.01205309249978467 94628.6234966615 860
473 806.5706666666669 148066.74427005564 0.012138046326978893 94628.62740806045 870
473 811.206 148066.74484011438 0.011942060655592009 94628.62531324268 875
473 825.1123333333334 148066.74528303804 0.012229119909924696 94628.62871539156 890
473 801.935 148066.74098158858 0.01184673223369659 94628.6294275683 865
473 829.748 148066.74759073646 0.012640589412627072 94628.62785053664 895
473 815.8416666666667 148066.74874683606 0.012201530724434143 94628.62682228557 880
473 820.477 148066.7482477079 0.012174268803475658 94628.63026482235 885
473 834.3836666666666 124172.13018682347 0.012534175497958494 94628.62764262425 900
473 839.0186666666667 148066.74355927174 0.012580425162586572 94628.62550871292 905
473 880.7376666666668 148066.74188796434 0.013066462010965023 94628.6267998686 950
473 871.467 148066.74765741255 0.013331974278586933 94628.62798110078 940
473 866.8313333333334 148066.74688936962 0.012748842669239077 94628.62747302231 935
473 843.6540000000001 148066.74249950427 0.013145661170318184 94628.62829821579 910
473 862.196 148066.74881956406 0.012927344746992602 94628.62941411359 930
473 876.1026666666667 148066.75141802605 0.012918280948104564 94628.6310538604 945
473 848.29 148066.74563421163 0.012456945122699303 94628.623277504 915
473 852.9250000000001 148066.7420757689 0.012632304046882694 94628.62983516812 920
473 857.5606666666667 148066.748342489 0.01307510898109124 94628.63001630185 925
473 908.5503333333332 148066.7454252441 0.013858021287904247 94628.62689551456 980
473 917.8216666666667 148066.74617162294 0.0137012315713094 94628.62824289987 990
473 890.009 148066.7482684481 0.012949741409902763 94628.63018279296 960
473 922.457 148066.7452302591 0.01415560873206731 94628.62926796888 995
473 894.6443333333333 148066.73558533707 0.013424199342732372 94628.62421852317 965
473 913.1863333333334 148066.7407555724 0.013978564583654885 94628.63023302406 985
473 903.9153333333334 148066.7423074152 0.013759972040028415 94628.6312706675 975
473 885.3733333333333 148066.73250285574 0.012946423196221276 94628.62561233611 955
473 899.2796666666667 148066.75128778483 0.013521183472434447 94628.63235794041 970
473 927.0923333333334 148066.74044393253 0.014207717072424594 94628.62821450592 1000
