473 574.475 148066.7355679687 0.013488323462783117 94628.62653026769 482
473 581.626 148066.75084209416 0.01331759932206615 94628.63212359359 488
473 586.394 148066.74656816208 0.013309211088079715 94628.6281918577 492
473 588.777 148066.75084680918 0.012968927173450454 94628.631209089 494
473 579.243 148066.73538085833 0.013399369332864786 94628.62201090994 486
473 595.929 148066.7406316064 0.013342379177007058 94628.62576058623 500
473 593.545 148066.74662428186 0.013293269582357298 94628.62705862374 498
473 576.859 148066.7494802324 0.013589090603041826 94628.6281667186 484
473 591.161 148066.74222901784 0.013172027558435615 94628.62049322315 496
473 584.01 148066.747498723 0.013499088308781725 94628.61935675297 490
473 617.382 145066.30211817878 0.013341123250636721 94461.2097080622 518
473 614.998 145066.31186058273 0.01351066295643721 94461.21539318877 516
473 600.696 152597.04264904538 0.013225481777027478 94198.81619960045 504
473 605.463 152597.0264263241 0.013563231197155846 94198.8016479679 508
473 612.615 117586.73329400257 0.013817541457695207 94198.80564578228 514
473 603.08 117586.73334034585 0.013243285525060341 94198.81276531595 506
473 598.312 148066.74975821856 0.013512950155635453 94628.62781998872 502
473 619.766 145066.30569094687 0.013516504397631917 94461.21516319482 520
473 607.847 152597.0335640964 0.013503427135279284 94198.8090111741 510
473 610.231 117586.72842646831 0.013309749710867427 94198.8090372119 512
473 634.068 150193.04959458116 0.013418943337833781 94195.76788022096 532
473 643.603 143572.37812030315 0.013273592262184334 94444.21949406345 540
473 641.219 143572.37552452125 0.013226461130135671 94444.21811837437 538
473 622.149 145066.3141579437 0.013491865229717227 94461.21500876556 522
473 629.301 138182.91076676585 0.013491135876246016 94195.7721761543 528
473 626.917 150193.05916673905 0.013236487165007872 94195.77288367627 526
473 624.533 145066.3072208339 0.013466820915665945 94461.21276016177 524
473 636.452 138182.91364961685 0.013505591017349801 94195.77406927256 534
473 631.684 150193.05053996746 0.01373864910384621 94195.7699082698 530
473 638.835 111320.24975860007 0.013307062570903652 94444.20851308657 536
473 665.056 137570.3645866101 0.013473995982887482 94160.17543544211 558
473 662.673 116125.23536502117 0.013862714583441084 94160.17870496961 556
473 667.44 121502.66280061551 0.013961825037818844 94476.23025436915 560
473 650.754 143572.37719033108 0.013239544091554067 94444.2154849416 546
473 657.905 149306.93937640774 0.013430759445135344 94160.17228589453 552
473 653.138 149306.93883678986 0.013463879467410102 94160.17136335565 548
473 655.521 116125.22530281657 0.013656521963308334 94160.17209055582 550
473 660.289 137570.36277202368 0.0133644836917237 94160.1740039069 554
473 648.37 143572.3602179177 0.013243862928468892 94444.20640222821 544
473 645.987 143572.37913063035 0.01339211330040237 94444.21472833946 542
473 691.277 149930.2496412317 0.013362367489691935 94183.23918962941 580
473 676.975 143566.32042627034 0.01317703464721457 94476.23059923544 568
473 679.359 143566.31978575495 0.013255707693405547 94476.23068683408 570
473 672.207 143566.3145253081 0.013512410526411382 94476.2299685883 564
473 674.591 121502.65025184369 0.01334114313159705 94476.2286443322 566
473 669.824 143566.33048775795 0.013568836888846825 94476.23728322636 562
473 684.126 138412.58667055517 0.01363997338126828 94183.2351218999 574
473 681.742 138412.58879617258 0.013309359748441016 94183.23538417683 572
473 688.893 149930.2552127627 0.01324194962090982 94183.23839542353 578
473 686.51 825893.6373289322 0.012777192205972076 94183.2393167092 576
473 698.428 145048.5234679297 0.013269846446626208 94182.1019597117 586
473 707.963 133839.4824205817 0.013599183884883868 94182.10017972937 594
473 710.347 140724.79395593065 0.013444493694785876 94481.72581923717 596
473 715.114 140724.7951669327 0.013800973080271275 94481.7281327209 600
473 705.579 145048.52400159568 0.013333966191599957 94182.0995547808 592
473 703.196 133839.48531340086 0.013501470892013654 94182.10420757502 590
473 696.045 658032.3353615339 0.013018724023352534 94182.09811918413 584
473 700.812 123250.00526854217 0.013424381846167522 94182.10298569193 588
473 693.661 138412.58767791634 0.013435587556050625 94183.24228812609 582
473 712.731 110547.20512876606 0.01395117839766862 94481.72653327536 598
473 731.8 116614.02435332081 0.013292949693683918 94198.45305984002 614
473 719.882 140724.7885215148 0.013474025260353283 94481.72455315692 604
473 738.951 136949.69697986767 0.013852486808104065 94198.45256532342 620
473 724.649 152069.67406908516 0.013484008467540587 94481.73166767717 608
473 727.033 136949.70276500596 0.013274384808408689 94198.45630942612 610
473 722.265 110547.19720910053 0.014252078700760775 94481.72545746733 606
473 736.568 116614.02782169404 0.013454419069331027 94198.45711210115 618
473 717.498 140724.78515989604 0.013408872857357477 94481.72570265993 602
473 729.417 626172.6634053702 0.013043792510589278 94198.4574269321 612
473 734.184 136949.69320290795 0.013260089490214736 94198.45059913122 616
473 750.87 114086.0374029361 0.014164822053156858 94107.7752857007 630
473 741.335 116614.01748433309 0.01359318479854563 94198.45025278024 622
473 753.254 133710.46897108408 0.01340218350564607 94107.76837683613 632
473 743.719 -1 0 94107.76980906376 624
473 758.021 114086.03474084676 0.013193369936772224 94107.77691021188 636
473 748.486 144543.20706441038 0.013559379809992387 94107.77208989249 628
473 755.637 -1 0 94107.77245008596 634
473 762.789 141575.21227334504 0.01351786259326674 94149.11368768159 640
473 760.405 1315962.9597920014 0.01662534134576293 94149.11404976631 638
473 746.103 480089.4063402742 0.013234344247288837 94107.77389078299 626
473 772.323 1315962.9597928713 0.016611197294758174 94149.11455277972 648
473 784.242 119108.63503777343 0.013522046913571142 94248.95630428531 658
473 786.626 1210327.967221582 0.01352676752005622 94248.96024097677 660
473 767.556 112038.00919366156 0.013978553463230235 94149.11209057615 644
473 777.091 1222290.8330012045 0.013781831547143153 94248.94567695152 652
473 779.475 110434.48550506606 0.01365330534625818 94248.95689731641 654
473 781.858 -1 0 94248.95102106292 656
473 765.172 141575.20342154594 0.013241280682966544 94149.10824065152 642
473 774.707 -1 0 94149.10933697394 650
473 769.94 141575.20535712945 0.013372637486391559 94149.11389371564 646
473 796.161 117631.81677125077 0.013863927265150624 94351.07623849003 668
473 798.544 408868.58260177897 0.013274118138548016 94351.07884283671 670
473 791.393 -1 0 94248.95337637178 664
473 805.695 1046370.7454318076 0.01310324730732281 94351.07448693326 676
473 793.777 -1 0 94248.95539083898 666
473 808.079 -1 0 94351.07848971017 678
473 803.312 109242.64791554036 0.013637281058348964 94351.07579655842 674
473 810.463 -1 0 94351.08107193623 680
473 789.009 110434.49039959842 0.013957025832726249 94248.96043508519 662
473 800.928 -1 0 94351.07677930023 672
473 827.149 -1 0 94386.04243408512 694
473 817.614 135729.76485614103 0.013556062943854004 94386.05654041929 686
473 812.847 127050.78860074356 0.01409158966669365 94351.0786193513 682
473 819.998 135729.75854678458 0.013989439286430516 94386.05280412597 688
473 824.765 116592.12043963518 0.013531762141457149 94386.04326445499 692
473 831.916 -1 0 94386.04656889949 698
473 834.3 -1 0 94349.55187882656 700
473 829.533 376402.91777124925 0.013207627424135102 94386.05262187328 696
473 822.381 -1 0 94386.05155854399 690
473 815.23 135729.75868969373 0.01343876266222468 94386.05187239946 684
473 841.451 134767.84025587217 0.013554001101119907 94349.54692962003 706
473 858.137 -1 0 94370.63690738461 720
473 843.835 1294150.345657051 0.015127714386815028 94349.54532978869 708
473 853.37 -1 0 94370.64385911329 716
473 839.067 -1 0 94349.54677127946 704
473 850.986 -1 0 94349.547327669 714
473 836.684 -1 0 94349.55599914875 702
473 855.753 1311123.2434674648 0.015067312558354818 94370.63974518453 718
473 846.219 -1 0 94349.55611918849 710
473 867.672 -1 0 94370.64365021251 728
473 877.207 -1 0 94267.43094202288 736
473 860.521 134286.98371985558 0.01359483332610732 94370.63514570818 722
473 879.591 -1 0 94267.43648117276 738
473 881.974 -1 0 94267.43920121258 740
473 870.056 -1 0 94370.64405445664 730
473 865.288 -1 0 94370.63770937127 726
473 872.439 1013685.4949215115 0.013070777594454377 94370.63829994125 732
473 862.905 1300086.1513932669 0.014963800382001667 94370.64779820829 724
473 874.823 -1 0 94267.44544294827 734
473 903.428 -1 0 94145.22179597637 758
473 905.811 -1 0 94145.22626136744 760
473 891.509 -1 0 94267.44148535414 748
473 889.125 -1 0 94267.43317183648 746
473 898.66 -1 0 94145.22223600355 754
473 901.044 -1 0 94145.22825768606 756
473 896.277 -1 0 94145.22430662165 752
473 884.358 -1 0 94267.4358832779 742
473 886.742 108155.998057343 0.014374466063878625 94267.43179438853 744
473 893.893 -1 0 94267.43393295271 750
473 908.195 -1 0 94145.2268451602 762
473 927.265 -1 0 94051.62738786289 778
473 917.73 -1 0 94051.6267679993 770
473 929.649 109757.89287018985 0.013846529967118763 94051.62614221637 780
473 924.881 -1 0 94051.61058643839 776
473 922.497 -1 0 94051.63639298592 774
473 912.963 -1 0 94145.22467818824 766
473 910.579 -1 0 94145.22689449113 764
473 920.114 -1 0 94051.61739922535 772
473 915.346 -1 0 94145.22822800392 768
473 951.102 -1 0 94051.79665818559 798
473 934.416 -1 0 94051.61896288687 784
473 941.567 -1 0 94051.79798396917 790
473 939.183 731691.2901966665 0.013355691121946562 94051.62065033754 788
473 946.335 -1 0 94051.78976000569 794
473 943.951 -1 0 94051.79129504696 792
473 953.486 -1 0 94051.79733505173 800
473 948.718 -1 0 94051.79510795204 796
473 932.032 -1 0 94051.61855974421 782
473 936.8 -1 0 94051.62919287721 786
473 121.569 243532.07794996796 0.013259806273250444 96723.7954546016 102
473 128.721 237172.84962813611 0.013362784571335483 96797.71915182151 108
473 138.255 237172.84923961016 0.013181095488587901 96797.7199875888 116
473 119.186 243532.0789285629 0.013046228561517796 96723.7963385688 100
473 143.023 212820.6455892188 0.013463225889603756 96014.7546657166 120
473 126.337 243532.07733169105 0.013441955088686132 96723.79474667342 106
473 123.953 243532.07747424569 0.013606016748433203 96723.79594362614 104
473 133.488 237172.84986662935 0.01321687868924766 96797.7202203605 112
473 135.872 237172.8506119255 0.013469371822269817 96797.72055656477 114
473 131.104 237172.84957840524 0.013128428275102176 96797.71999820872 110
473 140.639 237172.84861807738 0.013368463005205649 96797.71857463008 118
473 164.476 223083.3804028433 0.013233478240455664 96758.24921384166 138
473 152.558 212820.6459937792 0.013469990942072019 96014.75488887243 128
473 150.174 212820.64654069173 0.013352731287552839 96014.75618464759 126
473 159.709 223083.37839574614 0.013183769547638705 96758.2479848278 134
473 154.941 212820.64570609355 0.013311839283790343 96014.7564198897 130
473 145.407 212820.64604000605 0.013382672090525443 96014.75613842579 122
473 166.86 223083.38107035003 0.013422675782256095 96758.25045902026 140
473 162.093 223083.38018728883 0.013440579913585465 96758.24955298167 136
473 157.325 223083.37959596486 0.013265452289079308 96758.24938460666 132
473 147.79 212820.64639057426 0.0132727579955507 96014.75603918638 124
473 183.546 217920.90892034603 0.013291473060736577 96091.98639469656 154
473 169.244 223083.37987222653 0.01335565202739222 96758.24848618858 142
473 178.779 217920.90541158078 0.01325408228086803 96091.98584824003 150
473 176.395 217920.9059793245 0.013149514984500931 96091.98512496409 148
473 190.697 217920.90634238566 0.013336371149694807 96091.98669275647 160
473 181.162 217920.90590851524 0.013339894928705647 96091.9854566716 152
473 185.93 217920.90579190213 0.013354920676736532 96091.98565441513 156
473 174.011 217920.90513161043 0.013369402662682479 96091.98548488281 146
473 171.627 223083.3811296831 0.013401055457515312 96758.25020109926 144
473 188.313 217920.90883573104 0.0132772412260381 96091.98728868084 158
473 202.616 201102.06229995002 0.013222146420945755 95330.15625623132 170
473 193.081 217920.90721084215 0.01327610177775401 96091.9870372446 162
473 197.848 201102.0626541129 0.013215844876391766 95330.155590098 166
473 204.999 201102.06176960637 0.01333883396773885 95330.15702052013 172
473 209.767 201102.06212349574 0.013186125314454438 95330.1575574351 176
473 207.383 201102.06281777984 0.013389645979466153 95330.15625787442 174
473 212.151 201102.06131744498 0.013218994419332044 95330.15662798022 178
473 214.534 201102.06207816125 0.013447711951368428 95330.15685341739 180
473 200.232 201102.06471194004 0.013354686225009727 95330.15854175406 168
473 195.465 201102.06325526207 0.013392208557834658 95330.15647308422 164
473 231.22 197184.71882368327 0.01343081411106775 95768.13583823328 194
473 233.604 197184.7182320565 0.013381746930465318 95768.13673054075 196
473 219.302 197184.71899817747 0.013141343421058304 95768.1357753081 184
473 228.837 197184.71672934445 0.013293955166768706 95768.13494215043 192
473 224.069 197184.7167923153 0.013148473590729542 95768.13526850723 188
473 221.685 197184.71937954822 0.013308288216160848 95768.13665028434 186
473 238.371 197184.71738436114 0.01334954664424658 95768.13575439887 200
473 235.988 197184.7171631244 0.013416111300089694 95768.13758416328 198
473 216.918 201102.0629434931 0.013384016653729543 95330.15596429979 182
473 226.453 197184.71694436544 0.013296827384442723 95768.1356857936 190
473 252.674 186767.6599443998 0.0132849311262683 95212.42227778878 212
473 243.139 197184.7172945299 0.013336383401581284 95768.1340768822 204
473 250.29 186767.65854560075 0.013231116175380213 95212.42304989802 210
473 245.523 197184.71872847938 0.013468435965380257 95768.13657969012 206
473 262.209 186767.65917303856 0.013367461178854598 95212.42270015736 220
473 240.755 197184.71693765122 0.013403697547243021 95768.13511157931 202
473 257.441 186767.65630253512 0.013278729084860602 95212.42193449747 216
473 247.906 186767.65927044905 0.013687508309365508 95212.42415447494 208
473 259.825 186767.65569747702 0.013268534284880515 95212.42220734661 218
473 255.057 186767.65911184275 0.013217135296045967 95212.42244051171 214
473 281.278 186767.65409750928 0.013140807956618017 95212.41969054965 236
473 283.662 173761.4240855394 0.013012275706038495 94654.42186439392 238
473 286.046 173761.42543980345 0.013335450098107307 94654.41726050928 240
473 274.127 186767.66017559 0.013408647682372059 95212.423632812 230
473 271.743 186767.65934213018 0.013137450716382367 95212.42282995522 228
473 276.511 186767.65920085547 0.013226749654869382 95212.424230177 232
473 278.895 186767.65770117438 0.013214496921519167 95212.42168538523 234
473 264.592 186767.65847948365 0.013319112926926115 95212.42317523065 222
473 269.36 186767.66009878964 0.013483411486271005 95212.4230077318 226
473 288.429 173761.42506028284 0.013538151990270204 94654.4198204563 242
473 290.813 173761.42339597334 0.013466077045960931 94654.41971355183 244
473 297.964 173761.4266940813 0.01330111330355 94654.42004361702 250
473 300.348 173761.4245874867 0.013267064475833127 94654.41940251377 252
473 295.581 173761.4232339748 0.013175206927838403 94654.41665423046 248
473 305.115 173761.42555080994 0.013380016474614216 94654.4192402238 256
473 293.197 173761.4260122911 0.013178582161424713 94654.42168071655 246
473 307.499 173761.42382104514 0.013361169536891199 94654.41736328992 258
473 302.732 173761.41962523587 0.013323859145950096 94654.41700878949 254
473 309.883 173761.41941529955 0.013030973812976503 94654.41736156846 260
473 312.267 173761.43101764357 0.013249996921920772 94654.42288927497 262
473 314.65 173761.42609025812 0.01326638207154673 94654.4191981762 264
473 326.569 162123.75351976886 0.013495419294606048 94580.84210443374 274
473 321.801 173761.42652787073 0.013223178792994682 94654.42226955957 270
473 333.72 162123.75817875884 0.012958900989775332 94580.84608677386 280
473 331.336 162123.75492615977 0.013466096274076989 94580.84541720478 278
473 317.034 173761.42451425598 0.01349195863299222 94654.42151269906 266
473 324.185 173761.4248236463 0.01318441589324159 94654.4201259813 272
473 328.953 162123.7561286562 0.013281735675493407 94580.8463327942 276
473 319.418 173761.4255273487 0.013165543327787108 94654.41918995752 268
473 336.104 162123.75143311857 0.013456048879488484 94580.84388603442 282
473 350.406 162123.7567544388 0.012992399099409677 94580.84338057128 294
473 345.639 162123.7577759109 0.013164761917487545 94580.84382520472 290
473 352.79 162123.7567103557 0.013286794221707362 94580.84586841514 296
473 338.487 162123.7564342697 0.013262965337192841 94580.84435473748 284
473 340.871 162123.75421336718 0.013218487574761198 94580.84354642434 286
473 348.022 162123.75465610265 0.013580165846441544 94580.84533282348 292
473 343.255 162123.7486790331 0.013070187391798565 94580.84277264155 288
473 357.557 162123.7522253052 0.013404633751193246 94580.8447248094 300
473 355.173 162123.7589011684 0.01337841117056397 94580.84444623996 298
473 359.941 162123.75575962674 0.013158234256671102 94580.84583296943 302
473 379.011 162123.75190780353 0.013481129492788149 94580.84236447432 318
473 367.092 162123.7504017261 0.013699248672285844 94580.84367488918 308
473 364.708 162123.75539950537 0.013372094704726683 94580.843786784 306
473 376.627 162123.75617711723 0.013548020851491881 94580.84623956268 316
473 374.243 162123.75294589103 0.013513706058860854 94580.8432848777 314
473 369.476 162123.75862262197 0.013325021679427014 94580.84792737912 310
473 371.859 162123.75314193196 0.013317213848596694 94580.84336964408 312
473 362.325 162123.74825350827 0.013269258692592682 94580.84278297816 304
473 381.394 155704.50683299327 0.013392195764486014 94415.81172333215 320
473 400.464 155704.51706875407 0.013279145418200872 94415.81461443927 336
473 388.545 155704.5131377449 0.013157976930953944 94415.81127776216 326
473 395.697 171116.2773492578 0.01346849006395319 94415.81040990615 332
473 405.231 155704.5157216045 0.013084426504210132 94415.81275842029 340
473 402.848 155704.51569801508 0.013386640676266812 94415.81183519917 338
473 386.162 155704.51201811337 0.01344161052862963 94415.81031441542 324
473 393.313 155704.51132447037 0.013961470837786304 94415.81185970399 330
473 390.929 155704.51467453188 0.013201928451259828 94415.8104167098 328
473 398.08 155704.51192387138 0.013142782975493393 94415.81279743851 334
473 383.778 155704.51017210734 0.013293599854922709 94415.80632652143 322
473 414.766 155704.51318127508 0.013376513977910044 94415.81091425006 348
473 421.917 155704.5136657094 0.013561893198468018 94415.80853622722 354
473 424.301 155704.50864095762 0.01321598739341135 94415.80864283262 356
473 426.685 155704.51209203352 0.013371356692198362 94415.80849141284 358
473 409.999 155704.51287986286 0.013412178883869549 94415.81207585824 344
473 429.069 155704.50934217445 0.013379649514111658 94415.80810753012 360
473 407.615 155704.5142608677 0.013346859433567167 94415.809819032 342
473 417.15 155704.51720072617 0.013413022722924998 94415.81314200327 350
473 412.383 155704.51201572714 0.013416757386539836 94415.80927540072 346
473 419.534 155704.5101034194 0.01334199880524385 94415.80959505992 352
473 452.906 158222.9227772815 0.013268136067250889 94569.08548042981 380
473 443.371 155704.5077502465 0.013430236906218853 94415.80714057843 372
473 448.138 155704.5110685037 0.013256968367595037 94415.80998373135 376
473 445.755 155704.51502009894 0.013769511706441882 94415.81223808191 374
473 431.452 155704.51416579113 0.013649164726449135 94415.81068111442 362
473 440.987 155704.50720506156 0.013548741115243474 94415.80638835757 370
473 436.22 155704.5126188994 0.013565417809979708 94415.81163268576 366
473 438.603 155704.51408351556 0.013593878411919676 94415.81186454545 368
473 450.522 158222.91597247068 0.01327220777934281 94569.08899992645 378
473 433.836 155704.50548623654 0.013515842869147017 94415.80511922335 364
473 467.208 158222.9214617378 0.01333425306749309 94569.09055572371 392
473 462.441 158222.92261941222 0.012997323429050812 94569.0851519174 388
473 476.743 144360.90144427484 0.013122070275649107 94569.08597439819 400
473 474.359 158222.92237169982 0.013202172274936497 94569.08562728696 398
473 455.289 158222.92217374127 0.013117363780713029 94569.0884540482 382
473 457.673 158222.92537857633 0.013141769571156255 94569.08754577916 384
473 471.975 158222.92599672315 0.013507759464576772 94569.08689227968 396
473 460.057 158222.91154337022 0.0133360982940709 94569.08497306489 386
473 469.592 158222.9175528096 0.013320846247920593 94569.09039498828 394
473 464.824 144360.9151752168 0.013432638327609261 94569.09465715673 390
473 500.58 158222.92254429788 0.01375234688966172 94569.08763326447 420
473 498.196 158222.91495947598 0.013192934134506099 94569.08311903426 418
473 491.045 158222.9184479389 0.013184324620623022 94569.0860275716 412
473 479.127 158222.9210436325 0.0134929156449673 94569.08610856406 402
473 481.51 144360.89619524538 0.012694883057312084 94569.08661586004 404
473 483.894 158222.92177314172 0.013178355830817567 94569.08556807162 406
473 486.278 158222.91963642972 0.013529960986277874 94569.08867407028 408
473 495.813 158222.92418554143 0.013160770946628762 94569.08583018782 416
473 493.429 158222.9203337521 0.01357163593813412 94569.08786688214 414
473 488.661 158222.92485218725 0.01355803968514358 94569.08756990811 410
473 517.266 158222.91943880595 0.013487747622125014 94569.08573067795 434
473 524.417 158222.91997773832 0.01333198254102947 94569.08821298927 440
473 512.499 158222.92111062314 0.013652409294949961 94569.08828836486 430
473 505.347 158222.92218349714 0.013181416751093517 94569.09020921151 424
473 514.882 158222.9175157966 0.013449991639799664 94569.08471338674 432
473 510.115 158222.92194859465 0.013210493279888817 94569.08828459746 428
473 507.731 158222.90944669984 0.01324153053267307 94569.08814354018 426
473 502.964 158222.92129388498 0.013583227671091921 94569.08657687447 422
473 522.033 158222.92247703153 0.013270123335115151 94569.0872534237 438
473 519.65 158222.92394460592 0.01337932729894511 94569.08549370954 436
473 541.103 148066.7414375396 0.013241987805136982 94628.6286910096 454
473 536.336 158222.9227153817 0.013359427321045655 94569.08718167848 450
473 531.568 158222.92290784456 0.013360954609459215 94569.08354239477 446
473 548.254 148066.751237582 0.013522197163495779 94628.6292118954 460
473 533.952 144360.89866446902 0.013165251311207028 94569.08613587935 448
473 529.185 158222.9258881866 0.01337099985901212 94569.08625674911 444
473 543.487 148066.7391899186 0.01377859119391981 94628.62676812653 456
473 545.871 148066.75112176422 0.013011763684631234 94628.628938914 458
473 526.801 158222.91776378444 0.013416425391154669 94569.08439046434 442
473 538.719 158222.9259000562 0.013161007427441865 94569.08758379443 452
473 553.022 148066.7447770951 0.01346205470242623 94628.63243599088 464
473 550.638 148066.74252270372 0.01312968992197685 94628.62725113342 462
473 562.557 148066.75256205868 0.013168728865109412 94628.62732756986 472
473 555.405 148066.74956831615 0.013314070083461223 94628.62865026447 466
473 564.94 148066.74578401237 0.013566953069484595 94628.63261453026 474
473 569.708 148066.75278309244 0.013096780259551306 94628.6288419568 478
473 572.091 148066.76009873938 0.01344583675613988 94628.62711388936 480
473 557.789 148066.74595214316 0.013152251776014083 94628.6301360832 468
473 567.324 148066.7507904069 0.01286874986736285 94628.63015828766 476
473 560.173 148066.73288335872 0.013278730630952645 94628.62186343633 470
473 119.186 243532.07803127743 0.013547071570028806 96723.79541937972 100
473 95.3486 212977.09183719856 0.013510381224328677 98380.93363081868 80
473 113.226 257383.8182658286 0.013476760840333118 98302.204983777 95
473 101.308 248625.31635819536 0.013272608785181066 96365.56808891028 85
473 107.267 248625.3162455569 0.013339808007724607 96365.56769999517 90
473 959.445 -1 0 94051.78651702253 805
473 947.526 -1 0 94051.79496528799 795
473 977.323 -1 0 94227.92298065416 820
473 935.608 -1 0 94051.61341072763 785
473 1030.96 -1 0 94054.54921264952 865
473 1001.16 -1 0 94065.90498259972 840
473 1042.87 -1 0 94054.55351763738 875
473 1007.12 -1 0 94065.89924668538 845
473 1019.04 -1 0 94054.56571026536 855
473 1013.08 -1 0 94065.89726321107 850
473 1025.0 -1 0 94054.55495881468 860
473 1036.92 -1 0 94054.55253271086 870
473 1048.83 -1 0 94102.1167478823 880
473 995.201 -1 0 94065.90319312092 835
473 1072.67 -1 0 94053.12198197145 900
473 1078.63 -1 0 94053.1223891658 905
473 1090.55 -1 0 94053.12903483475 915
473 1108.43 -1 0 94009.49164589407 930
473 1102.47 -1 0 94009.4913549345 925
473 1060.75 -1 0 94102.11436981097 890
473 1066.71 -1 0 94102.10479886185 895
473 1084.59 -1 0 94053.13549382452 910
473 1096.51 -1 0 94053.12783329637 920
473 1054.79 -1 0 94102.10848811496 885
473 1144.18 -1 0 94172.04925023232 960
473 1168.02 -1 0 94070.08517037079 980
473 1126.3 -1 0 94009.48304792793 945
473 1150.14 -1 0 94172.04029868818 965
473 1156.1 -1 0 94172.05652563513 970
473 1162.06 -1 0 94172.0511919727 975
473 1120.35 -1 0 94009.49463932693 940
473 1114.39 -1 0 94009.50452187145 935
473 1132.26 -1 0 94172.05077503726 950
473 1138.22 -1 0 94172.03694347855 955
