19 301.84633333333335 144360.9008411592 0.025715003325259694 94569.08689335176 405
19 301.84633333333335 144360.90084116036 0.025966150292041155 94569.086893332 415
19 301.84633333333335 158222.92075908466 0.024391405833587322 94569.08689342246 425
19 301.84633333333335 144360.90084116763 0.025328693645825795 94569.08689338969 410
19 301.84633333333335 144360.9008411588 0.02755573896875624 94569.08689333119 420
21 357.58033333333333 162123.754145366 0.02569707880937935 94580.84451480473 435
21 357.58033333333333 162123.7541385156 0.026813044759799592 94580.84449193488 430
19 301.84633333333335 144360.90085818456 0.02719034404543678 94569.08692662611 400
21 357.58033333333333 162123.75414537158 0.02624074760565943 94580.84451476586 440
21 357.58033333333333 162123.75406381604 0.026636822865389556 94580.84439123777 445
35 404.14466666666664 155704.5118215538 0.02237409153882721 94415.8108057708 450
35 404.14466666666664 155704.51173290712 0.023368881234431888 94415.81077395106 455
35 404.14466666666664 155704.5118360188 0.02371406408443124 94415.81090104554 475
35 404.14466666666664 155704.5125390395 0.022601052906521917 94415.81080013713 465
35 404.14466666666664 155704.51176244247 0.024756968611361826 94415.81096325608 460
35 404.14466666666664 155704.51231459255 0.02238506838757993 94415.81117546499 480
51 424.33633333333336 158222.9208914806 0.02155997610684344 94569.08706913432 500
35 404.14466666666664 155704.51176751938 0.021955976290735688 94415.81083776268 470
47 417.47499999999997 158222.92126069352 0.021261270492823208 94569.08709787302 495
47 417.47499999999997 158222.92104019184 0.020253342322274263 94569.08680731758 490
47 417.47499999999997 144360.90116952005 0.021266764140252085 94569.08692734598 485
57 457.722 155704.51269222118 0.020012324773447353 94415.81118193644 515
57 457.722 155704.5127774314 0.02018412810834009 94415.81090306905 505
57 457.722 155704.51267721102 0.01959486028753919 94415.81115928467 545
57 457.722 155704.51208005153 0.020029344383155505 94415.81106714033 540
57 457.722 155704.51201186824 0.019471090201794203 94415.8109219591 525
57 457.722 155704.51113551698 0.019894926616281186 94415.81029807802 520
69 477.4676666666666 158222.92038262647 0.01873875398706305 94569.08682411833 550
57 457.722 155704.51183905825 0.020310116495847113 94415.81059714468 535
57 457.722 155704.5126686673 0.019347759094462656 94415.81154245792 530
57 457.722 155704.5116141505 0.01985562433064515 94415.81050291097 510
69 477.4676666666666 158222.92065315522 0.0202242839187707 94569.087505714 555
69 477.4676666666666 158222.92306640782 0.019118029534141056 94569.0882503316 565
69 477.4676666666666 158222.92070787045 0.01919256539837167 94569.08652166901 560
69 477.4676666666666 158222.919483299 0.019253395468736376 94569.08755138077 570
69 477.4676666666666 158222.9202220651 0.018680023446713243 94569.08700817378 575
85 547.0296666666667 155704.5094192706 0.018612076186329204 94415.8101609051 595
81 482.411 148066.74727752342 0.01946961904050414 94628.62923125317 585
85 547.0296666666667 171116.28452557567 0.01854902565407843 94415.81135682217 600
81 482.411 148066.7462829982 0.01900719667632031 94628.62837914826 580
85 547.0296666666667 155704.50816667773 0.01914612098034509 94415.80967138131 590
91 527.6266666666667 158222.92007843484 0.017984780699812946 94569.08614594498 605
91 527.6266666666667 158222.91935384148 0.019021701550160516 94569.0869898237 610
91 527.6266666666667 158222.92308430947 0.01767594797087442 94569.08742618414 615
105 550.5926666666668 158222.9209368919 0.018268885448135742 94569.08752375393 620
105 550.5926666666668 158222.92259674412 0.017573675063678927 94569.08720329907 625
125 607.8466666666667 155704.51024829695 0.017500037892449014 94415.81184359113 630
125 607.8466666666667 155704.51352502342 0.017703681698238553 94415.81158850685 640
131 600.53 158222.92305001078 0.01746717502560522 94569.08695545961 645
131 600.53 158222.92018495366 0.016688110690607733 94569.0852941673 650
125 607.8466666666667 155704.51272038833 0.017542202553069576 94415.80980097815 635
131 600.53 158222.92547325735 0.017223715123583814 94569.08547464375 670
131 600.53 158222.9219572289 0.017073077094034977 94569.08738755819 665
131 600.53 158222.92052077228 0.017009480696932897 94569.0888945395 675
131 600.53 158222.92147125 0.01651088344300974 94569.0872299863 660
143 600.709 158222.9222800993 0.01657356667156037 94569.08636887201 680
131 600.53 158222.92274881623 0.01687301029919199 94569.08638614396 655
143 600.709 158222.92289231415 0.016540693253958027 94569.08807644638 695
145 617.6586666666667 158222.92238486247 0.016760609064632025 94569.08631876516 700
143 600.709 158222.91707533688 0.016712682944914146 94569.08632897964 685
143 600.709 158222.9192729647 0.016091013751021208 94569.08602698964 690
159 655.7493333333333 155704.51257269707 0.016279736186528983 94415.80970860168 720
159 655.7493333333333 155704.51369113175 0.01621969640847208 94415.81161184816 710
159 655.7493333333333 155704.5132729505 0.016442844386535555 94415.80944933178 715
159 655.7493333333333 155704.5135811066 0.016959064891305355 94415.81309223942 705
195 658.8396666666667 158222.92540283792 0.01594788764490355 94569.08528711255 735
195 658.8396666666667 158222.9234943882 0.015810720249004328 94569.08802305872 740
183 655.7126666666667 158222.9181269847 0.015865260300887328 94569.08367671126 725
183 655.7126666666667 158222.9191029329 0.01564466600750086 94569.0851062098 730
207 656.4393333333334 148066.7443969878 0.015670814719694143 94628.62534605255 745
207 656.4393333333334 148066.74831494724 0.01599402936547517 94628.62618092186 750
209 710.455 155704.5117325781 0.015603345724954294 94415.81336638638 755
209 710.455 171116.28342651378 0.015007977440166095 94415.81150874446 760
217 709.7966666666666 158222.92111572603 0.014961900302208243 94569.08726622952 770
217 709.7966666666666 158222.9232990439 0.015614126860497379 94569.08633936556 765
223 731.3606666666666 155704.5115153937 0.015374001562085463 94415.81300949852 775
223 731.3606666666666 155704.50781437365 0.015205253567741897 94415.81100365985 780
247 708.533 158222.91928695724 0.015340219570198458 94569.0876493691 790
247 708.533 158222.92309310532 0.014715499657683796 94569.08571280209 785
257 749.1203333333334 158222.92290876596 0.014692053559921989 94569.08799927286 795
257 749.1203333333334 158222.92482568935 0.014711112778073193 94569.08841557319 800
269 749.1203333333334 158222.92618720894 0.014896237867995507 94569.08797171606 805
269 749.1203333333334 158222.92586717414 0.015434800050029424 94569.0896019193 820
269 749.1203333333334 158222.9242936907 0.01457597154757597 94569.08313717667 810
289 797.8186666666667 171116.28481865814 0.014689567081987038 94415.81314212034 835
269 749.1203333333334 144360.90089912145 0.014419936121329979 94569.08788226044 815
289 797.8186666666667 155704.50711593905 0.014775735796143906 94415.81009934706 825
289 797.8186666666667 155704.5125969353 0.014396403084672788 94415.81112548048 830
301 785.9253333333332 158222.92853384878 0.01438885231094565 94569.0853092064 850
301 785.9253333333332 158222.9189598267 0.014148585337408983 94569.08819753812 840
301 785.9253333333332 158222.9143526259 0.014364638705592046 94569.08795771035 845
307 785.6133333333333 158222.91705806367 0.014306149067982766 94569.08650627216 865
301 785.9253333333332 158222.92545241766 0.01439717050881432 94569.08703875248 855
307 785.6133333333333 158222.91791925227 0.014649415163914712 94569.08747312479 860
331 786.1416666666665 158222.91774411203 0.014390435541563173 94569.08768462228 870
341 804.0770000000001 158222.91863674825 0.014038654222300537 94569.08644868518 875
353 802.8363333333333 158222.92406225306 0.014142344396677806 94569.0885469449 890
353 802.8363333333333 158222.92321208064 0.014003598760005826 94569.08819713892 885
341 804.0770000000001 158222.92139148788 0.014159527978648901 94569.09062401102 880
373 843.5706666666666 158222.92570840297 0.01394344864826372 94569.09061063442 895
373 843.5706666666666 158222.92277962473 0.013541223515554202 94569.08703584419 900
401 834.6253333333333 158222.91105759554 0.01395731353058962 94569.08583575884 910
389 834.627 158222.9214215495 0.013939973329814559 94569.09100974527 905
401 834.6253333333333 158222.92164951534 0.01376677771160218 94569.08624505662 920
401 834.6253333333333 158222.92732169147 0.013808618735400844 94569.0891941453 915
423 894.3496666666666 155704.51213127442 0.01403811756663466 94415.8116995325 930
423 894.3496666666666 155704.51274676248 0.013521998353331368 94415.81134328585 940
423 894.3496666666666 155704.51038394275 0.0134437174802958 94415.80829342411 935
423 894.3496666666666 155704.51061628814 0.01347675579692116 94415.8122742082 925
447 884.4756666666667 158222.9088651937 0.013639823674459548 94569.08020785253 945
461 890.1463333333332 158222.92243408348 0.01310323503837161 94569.08949494858 950
461 890.1463333333332 158222.9233865958 0.01326714002987925 94569.08873859415 955
473 890.3563333333333 158222.91116696526 0.013393830399020873 94569.08527132837 960
485 899.2643333333334 158222.9208892488 0.013367576354309876 94569.08870748624 965
515 927.5799999999999 158222.92020316157 0.012961532267783191 94569.08799512679 985
527 928.2273333333333 158222.9188850605 0.012934423193136136 94569.08634681738 990
515 927.5799999999999 158222.91611140256 0.013011079063389126 94569.08388417771 980
491 910.558 158222.91660945604 0.012881978764035922 94569.08456136908 970
527 928.2273333333333 158222.91781093663 0.012834569932289076 94569.08681499143 995
527 928.2273333333333 144360.90048674596 0.013169908254022422 94569.08786337766 1000
515 927.5799999999999 158222.9184501528 0.012982146770205831 94569.09021935955 975
35 404.14466666666664 155704.51176244247 0.024756968611361826 94415.81096325608 460
35 404.14466666666664 155704.51176244247 0.024756968611361826 94415.81096325608 460
35 404.14466666666664 155704.51176244247 0.024756968611361826 94415.81096325608 460
19 298.0796666666667 143572.37659741248 0.025566222319064386 94444.21570926612 405
21 352.513 155704.51176741425 0.026423981517852628 94415.81081730642 435
19 298.0796666666667 143572.37660250894 0.030316334484406432 94444.21574737174 400
19 298.0796666666667 885530.2136579303 0.025519484042044887 94444.2156800875 425
19 298.0796666666667 -1 0 94444.21554141739 410
21 352.513 155704.51176741542 0.02855825513398837 94415.81081728832 430
21 352.513 155704.51176742718 0.027628430496662873 94415.81081728936 440
21 352.513 155704.5117440997 0.027400819894251104 94415.81080427373 445
19 298.0796666666667 111320.25715519616 0.027760054706501145 94444.21574015207 420
19 298.0796666666667 131959.81922901873 0.026931092051228456 94444.21574138607 415
35 404.14466666666664 144360.9015193834 0.021633136885328398 94569.08716564788 450
35 404.14466666666664 158222.9222349133 0.022965508709960683 94569.08673694725 465
47 417.47499999999997 148066.7463448791 0.020877057829105296 94628.62808363786 490
35 404.14466666666664 144360.90076380983 0.02392946818983326 94569.08686654772 460
35 404.14466666666664 144360.90072644324 0.02271769816460473 94569.08688935712 470
35 404.14466666666664 158222.92068122874 0.022016564735629744 94569.08699521377 480
35 404.14466666666664 158222.9206942869 0.02172719917453058 94569.08689591834 455
35 404.14466666666664 158222.92060777292 0.021713426805373266 94569.08664980765 475
47 417.47499999999997 148066.74565851345 0.019949474153080703 94628.62798509025 495
51 424.89000000000004 148066.7462168406 0.021565504036685695 94628.62793836389 500
47 417.47499999999997 148066.74772853844 0.02034235200530977 94628.62878512131 485
57 466.4463333333333 158222.92041461339 0.018692192709276762 94569.08714747617 505
57 466.4463333333333 158222.92250795444 0.019806802809048216 94569.08709369475 520
57 466.4463333333333 158222.92170679563 0.020275594778535775 94569.08756469321 545
57 466.4463333333333 158222.9207243879 0.01962001651393056 94569.0866014077 535
57 466.4463333333333 158222.92214197837 0.019853956485043303 94569.08769897565 530
57 466.4463333333333 158222.92164017065 0.020233515283175983 94569.0872816834 510
57 466.4463333333333 158222.9211417439 0.021122287341209887 94569.08691105219 540
57 466.4463333333333 158222.92180447615 0.01948523299452817 94569.08715285329 525
57 466.4463333333333 158222.92019814614 0.02056776077749413 94569.08674283385 515
69 478.0040000000001 148066.74652475095 0.019557844317293578 94628.62796981151 550
69 478.0040000000001 148066.74519789786 0.019063654387860198 94628.62721260985 565
69 478.0040000000001 148066.7474566366 0.017469710432179375 94628.62885408729 555
69 478.0040000000001 660930.015682721 0.01985992988851442 94628.62820459559 570
69 478.0040000000001 757469.9026636813 0.019654880445879097 94628.62878410233 560
85 547.0296666666667 144360.89958044505 0.01807074841647325 94569.0868485961 590
85 547.0296666666667 158222.91970714196 0.01828132850906912 94569.08641583707 595
85 547.0296666666667 158222.9224946381 0.01911010128989523 94569.0885899855 600
69 478.0040000000001 148066.74670192946 0.02079476518387707 94628.6286080571 575
81 477.827 137570.3598349824 0.018694503994102052 94160.17296350755 580
81 477.827 137570.36199192223 0.018837851673905788 94160.17420351517 585
91 527.6266666666667 148066.74820622176 0.018528058605582223 94628.62816092485 610
91 527.6266666666667 148066.74593915945 0.017850096535699373 94628.62828912128 605
91 527.6266666666667 148066.7449571582 0.01806941932983137 94628.62717488514 615
105 556.4836666666666 124172.12217276884 0.01767673515316369 94628.62587550835 625
105 556.4836666666666 148066.74724747526 0.01771646365769395 94628.62931828674 620
131 600.53 158222.91909317047 0.017039211617416488 94569.08617663673 650
125 607.8466666666667 144360.90482054578 0.017547005445005592 94569.08747188585 635
125 607.8466666666667 158222.9223362743 0.01735943104197646 94569.08789443123 640
125 607.8466666666667 158222.9198172021 0.017295844359303716 94569.08500009026 630
131 600.53 158222.91948995268 0.016676920895014772 94569.08567053173 645
131 600.53 158222.9231040491 0.016591705810485653 94569.08693793822 665
131 600.53 158222.92022246818 0.017354136700693194 94569.08736217226 655
143 600.709 148066.74451226974 0.01643928107805661 94628.62587316806 680
143 600.709 148066.74292795282 0.01661087280030568 94628.62856981184 695
131 600.53 158222.9226621597 0.016848907068953985 94569.08771676713 675
131 600.53 158222.92430115095 0.017171170452534513 94569.08827117013 670
131 600.53 158222.91578658044 0.017057782412889754 94569.08503145073 660
143 600.709 148066.7428266919 0.016916783823209512 94628.62918659205 685
145 617.6586666666667 148066.7484059619 0.01680874597257018 94628.6289104477 700
143 600.709 148066.74702626074 0.016910779595961073 94628.62635375981 690
159 655.748 158222.91343130337 0.016706898377070865 94569.08559090793 710
159 655.748 158222.92220231576 0.01610839393167669 94569.08562960158 715
159 655.748 158222.92247508923 0.016512277149238957 94569.0885183831 705
159 655.748 158222.92207105673 0.016340238461128625 94569.08637251765 720
183 655.7273333333333 148066.7458126347 0.015509166652831882 94628.63155241909 730
183 655.7273333333333 148066.74672186817 0.015726715127806552 94628.62870645727 725
195 656.0963333333334 145066.30378384207 0.015041949506587493 94461.20650518178 735
195 656.0963333333334 145066.30003478492 0.015444604747913544 94461.2076315597 740
207 656.143 137570.36314718018 0.01506042501474877 94160.17424446903 745
207 656.143 137570.36906964783 0.015391908581543915 94160.17542996562 750
209 710.6410000000001 158222.92116356455 0.015789456359445255 94569.08521372687 755
223 731.3606666666666 158222.91763063252 0.015403052976709204 94569.08754927032 780
209 710.6410000000001 158222.92097717623 0.015664832282942374 94569.08707772905 760
217 709.7966666666666 158222.91578810717 0.015747643386398207 94569.0848949852 765
217 709.7966666666666 144360.90208807177 0.015855754322152603 94569.08752032176 770
223 731.3606666666666 158222.9208369328 0.014914523498871528 94569.08929982856 775
247 708.533 121956.18795781261 0.01503417181861299 94461.21613880777 785
247 708.533 121956.17281185031 0.015438919279811784 94461.20837316697 790
257 749.4816666666667 148066.74392316808 0.014671856218452262 94628.6268381789 795
257 749.4816666666667 148066.74235062546 0.015135103481503152 94628.62869294175 800
269 749.1203333333334 124172.12693082304 0.01490552714061147 94628.6303394355 810
269 749.1203333333334 148066.74578539474 0.014911626838735014 94628.62864039076 815
269 749.1203333333334 148066.7502493321 0.015140834215190026 94628.62922459596 805
269 749.1203333333334 160755.50202746128 0.014320522603859088 94628.6284124121 820
289 797.8186666666667 158222.9133971605 0.014681430663061589 94569.08340331302 825
289 797.8186666666667 118794.0361538011 0.01492712769468266 94569.08541510787 830
289 797.8186666666667 158222.9206245633 0.014755131505778505 94569.08892930267 835
301 785.9253333333332 148066.74458726184 0.01415274213142637 94628.62498312257 850
301 785.9253333333332 148066.75394219076 0.014630384391150723 94628.62725551639 840
301 785.9253333333332 148066.75320323545 0.014440108927672515 94628.62811840896 845
301 785.9253333333332 148066.7389382108 0.014571039298534746 94628.63215041261 855
307 785.6133333333333 148066.74012116287 0.014857418076800235 94628.62658308688 860
307 785.6133333333333 148066.73922129968 0.014571162098484362 94628.62335906451 865
331 786.1416666666665 140260.43884444167 0.014423119462033262 94198.80870681127 870
341 804.0770000000001 148066.75044519003 0.013836293618162337 94628.63246848201 875
353 802.8363333333333 140260.43802628727 0.01373416563219291 94198.80578702517 885
373 843.5706666666666 148066.75006546502 0.014219368284750112 94628.62845474838 900
341 804.0770000000001 148066.7439242831 0.014067647552355587 94628.62567588019 880
353 802.8363333333333 140260.44529723888 0.014301969716053842 94198.81256675473 890
373 843.5706666666666 148066.74422481426 0.014160581132368311 94628.62806300216 895
389 834.8850000000001 148066.74520969662 0.013981689070949934 94628.62797714895 905
401 834.6226666666666 157424.3209590415 0.01361956012384 94461.2086623585 910
401 834.6226666666666 145066.30551557918 0.014045654481280725 94461.21008373953 920
401 834.6226666666666 145066.30178367224 0.0136779969122401 94461.21161657727 915
423 894.3496666666666 158222.9244037095 0.013720503916202227 94569.0898074857 930
423 894.3496666666666 158222.91661331436 0.013737385511928973 94569.08230462096 925
423 894.3496666666666 144360.90822659072 0.013588763539248577 94569.09037451094 935
423 894.3496666666666 158222.9159100121 0.01374833135369275 94569.0852750077 940
447 884.4756666666667 148066.74783526093 0.013405658477482903 94628.62645028526 945
461 890.1463333333332 148066.7482616176 0.013690820404957579 94628.62911415931 950
461 890.1463333333332 148066.75812963262 0.013283301829107792 94628.63241674964 955
473 890.3563333333333 148066.74456578644 0.013624799154536467 94628.63093861703 960
485 899.2643333333334 148066.73943639302 0.013143354067500215 94628.62672780371 965
491 908.449 148066.75167549847 0.01339016620702739 94628.62805735428 970
515 931.3646666666667 148066.74115136758 0.012821268857407506 94628.62790631205 980
515 931.3646666666667 148066.74726472545 0.01315188416063477 94628.62721011776 975
515 931.3646666666667 148066.7501431469 0.013133966784016293 94628.62924163068 985
527 930.3063333333333 148066.7392005411 0.012955285279592558 94628.62698814138 995
527 930.3063333333333 148066.74095130604 0.013028641949869484 94628.62617850112 1000
527 930.3063333333333 148066.74563884013 0.01325919058961764 94628.62445048962 990
