473 412.5563333333334 148066.74895330836 0.006326389528826205 94628.63048384557 445
473 394.0143333333333 148066.74781831444 0.006091768265283863 94628.6274465295 425
473 380.108 148066.7466310795 0.005636788323069064 94628.62910066906 410
473 384.7436666666667 148066.74660395132 0.00582068124668567 94628.62819423724 415
473 417.1913333333334 148066.74654923304 0.0062313695433560655 94628.62938834759 450
473 370.837 148066.74336857675 0.0053558314156526435 94628.62680041991 400
473 407.9206666666667 148066.74826193336 0.006218814725990475 94628.62911974119 440
473 398.65000000000003 148066.74622481386 0.00607744925279539 94628.62873151449 430
473 403.2853333333334 148066.74346616998 0.006089891012238141 94628.62518496772 435
473 389.3786666666667 160755.5028712402 0.005728569071695815 94628.62730579193 420
473 375.4723333333334 148066.74069232366 0.005680574364476654 94628.62350466043 405
473 463.5463333333334 113648.11511871412 0.007097680889214144 94628.62896716497 500
473 454.2753333333333 148066.74302832436 0.006708864950220414 94628.62628192797 490
473 445.0043333333333 148066.74697675213 0.006489485421061448 94628.63127492293 480
473 426.4626666666666 148066.74675835756 0.006316609335449393 94628.62903038492 460
473 421.82733333333334 148066.7462836488 0.00640979723716372 94628.6281406551 455
473 431.09799999999996 148066.74370206558 0.006427221284617878 94628.62611723409 465
473 435.73333333333335 160755.5037560756 0.006253443178041918 94628.6283180953 470
473 449.64000000000004 148066.7470355446 0.006635560899533111 94628.62807965587 485
473 458.91066666666666 148066.75289739374 0.006791151101913153 94628.62976092791 495
473 440.3693333333334 148066.74775080095 0.006618559120968875 94628.62993732531 475
473 482.0883333333333 148066.7473021746 0.007449041748207848 94628.62773223178 520
473 491.359 148066.74279818757 0.007404852105885881 94628.62480078176 530
473 468.182 148066.74375647257 0.007028798573147283 94628.62716229868 505
473 472.817 148066.7500776759 0.007070615976038257 94628.63034579344 510
473 500.62999999999994 148066.7454927964 0.00751731514041349 94628.62959570243 540
473 477.45266666666674 148066.74074044084 0.007337087964737162 94628.62523385818 515
473 486.7236666666667 148066.74991848762 0.007450785366752756 94628.62869555195 525
473 505.2656666666667 148066.74488382463 0.007466530269353562 94628.62720942142 545
473 495.99466666666666 148066.74433823326 0.007394242288947141 94628.62667508722 535
473 509.901 148066.74854416118 0.007756513098102725 94628.62876232991 550
473 523.8076666666667 148066.74628830055 0.007875667289868122 94628.62911337941 565
473 542.3493333333334 148066.73787166213 0.007942537277143186 94628.62826940393 585
473 514.5363333333333 148066.74674376677 0.0077865930325711485 94628.62890207216 555
473 537.7136666666667 148066.75275954264 0.008195798421614761 94628.63017556157 580
473 519.1716666666666 148066.74427814086 0.00774070377806631 94628.62887578733 560
473 528.4426666666667 148066.74151326803 0.007869733693757836 94628.62655881124 570
473 556.2553333333334 148066.7404543393 0.008554911702013517 94628.62724725078 600
473 551.6203333333333 148066.7504305719 0.008217533530645464 94628.62938930618 595
473 533.0783333333333 148066.74909200962 0.008026400228523412 94628.62733432776 575
473 546.9846666666667 148066.74489384636 0.008430820450168935 94628.62567740778 590
473 593.3393333333333 148066.75180607187 0.009026772620413216 94628.62929018607 640
473 584.0686666666667 148066.75231451594 0.008877828183068506 94628.62999539771 630
473 579.4326666666667 148066.74571559136 0.008732305968899895 94628.62548155131 625
473 565.5266666666666 148066.7447254845 0.00864573021240036 94628.6278685591 610
473 602.61 148066.7465917531 0.008990377843876343 94628.62919206047 650
473 570.1616666666667 148066.75144457308 0.008702168216618525 94628.63133330621 615
473 560.8906666666667 148066.75194113847 0.008525624880888946 94628.63001761382 605
473 574.7973333333334 148066.74107306305 0.008512438018263941 94628.62475346208 620
473 597.9746666666666 148066.74780372332 0.008857614573455816 94628.62959793146 645
473 588.7036666666667 124172.1217400117 0.008784458506108962 94628.62533045263 635
473 621.152 148066.75114792876 0.00925875278162559 94628.62828430641 670
473 611.8813333333333 148066.7476403242 0.009135235823320091 94628.62963292655 660
473 639.694 148066.7422741684 0.009578370212663103 94628.62741082022 690
473 648.965 148066.74607800206 0.009816455801577289 94628.6270892043 700
473 630.423 148066.74432860786 0.009557726933038777 94628.62977307191 680
473 616.5163333333334 124172.1299111685 0.008915783325556877 94628.62996991558 665
473 607.2456666666666 148066.7398883829 0.009017159685674351 94628.62804455425 655
473 625.7876666666666 148066.74687337998 0.009182679337905711 94628.62838671615 675
473 635.0583333333333 148066.74684100618 0.009370359140554877 94628.6265565958 685
473 644.3293333333332 148066.74442638678 0.009475412412729657 94628.62788609476 695
473 658.2356666666666 148066.74930497247 0.010169106004057451 94628.63016403173 710
473 662.871 148066.74432590863 0.010145116198795195 94628.62775065929 715
473 676.7776666666666 148066.74293145107 0.010233786624962618 94628.62612943437 730
473 686.0486666666667 135779.58175408863 0.01025969876066923 94628.62721240813 740
473 672.1419999999999 148066.75134892968 0.010122714546959784 94628.63027281313 725
473 690.6839999999999 148066.74947463782 0.010153676453343018 94628.62779264893 745
473 681.4129999999999 148066.7480085443 0.009991928685432343 94628.62830180008 735
473 653.6003333333333 124172.13001883992 0.009894361925585949 94628.62952456469 705
473 695.3196666666666 148066.74177418463 0.010443544649909006 94628.62490989972 750
473 667.507 148066.7437210805 0.010092151505455746 94628.62606121974 720
473 704.5903333333332 148066.74130333101 0.010699626929228418 94628.62846955542 760
473 727.7676666666666 124172.13403608247 0.01139309605463212 94628.62862620363 785
473 718.4966666666666 148066.74584689992 0.010833802295852872 94628.62658139253 775
473 741.674 148066.74569333097 0.011456166589102921 94628.62774588996 800
473 709.226 148066.74675775506 0.010444218747821891 94628.62937671988 765
473 723.1323333333333 148066.74670077284 0.011000063406629759 94628.62988134028 780
473 737.0386666666667 148066.74929601894 0.010956094450072064 94628.63071329397 795
473 732.4033333333333 148066.7472120856 0.010900134755398472 94628.6260350685 790
473 713.8613333333333 148066.74698791173 0.010630956590134383 94628.62955567034 770
473 699.9546666666666 148066.74572621362 0.01043454596026998 94628.628561328 755
473 755.5803333333333 148066.74261089883 0.011532184447462786 94628.62593829328 815
473 760.216 148066.74554960098 0.01171805652668515 94628.6285472384 820
473 746.3096666666667 148066.74614410748 0.011570303386825107 94628.63102270752 805
473 764.8513333333334 148066.7460484259 0.011771755760578668 94628.62424115695 825
473 769.4870000000001 148066.7452507379 0.01155467853088781 94628.6278969864 830
473 783.393 148066.7514540958 0.01127888767063996 94628.63260940225 845
473 788.029 148066.74165832123 0.011921722298030136 94628.62109603647 850
473 750.9453333333335 148066.74643425064 0.011605337710258882 94628.62883210451 810
473 778.7580000000002 148066.74086473216 0.011763186656142692 94628.63284287324 840
473 774.1223333333334 148066.7421046409 0.011498426137885459 94628.62637294836 835
473 820.477 148066.74588619673 0.012223452798302713 94628.62825209768 885
473 815.8416666666667 148066.74159763526 0.012315803274205037 94628.62548289761 880
473 806.5706666666669 148066.75072632622 0.01211154875669751 94628.62881765488 870
473 825.1123333333334 148066.74781903488 0.012571837728275005 94628.62987843277 890
473 834.3836666666666 148066.75360238252 0.01249859737794049 94628.62981383897 900
473 829.748 148066.74109655473 0.012599400873821717 94628.62322733048 895
473 801.935 148066.73550531108 0.012074149882304768 94628.62480014676 865
473 792.6643333333333 148066.74441272448 0.011723274239649003 94628.63175511608 855
473 797.2996666666667 148066.74325791126 0.011837969387753113 94628.62775719682 860
473 811.206 148066.74819679838 0.011833555084115247 94628.62905376099 875
473 866.8313333333334 148066.74477836504 0.012960090596527996 94628.63013109511 935
473 839.0186666666667 148066.73926072987 0.012500816210205209 94628.62713063053 905
473 843.6540000000001 148066.74825022818 0.01293025264928852 94628.63022457728 910
473 862.196 148066.74864218745 0.012995750291553934 94628.62910722462 930
473 876.1026666666667 148066.74628058038 0.013104311703306412 94628.62416429195 945
473 871.467 148066.75630761104 0.012859307827455153 94628.62928008761 940
473 848.29 148066.75149188953 0.012894992874839993 94628.63078541498 915
473 880.7376666666668 148066.7460069441 0.01308117449540816 94628.62580538643 950
473 852.9250000000001 148066.74499665436 0.012764546409353048 94628.6243231578 920
473 857.5606666666667 148066.74330360894 0.012950439976579268 94628.62660132459 925
473 913.1863333333334 148066.75241502683 0.013809345957643158 94628.62674668709 985
473 903.9153333333334 148066.75664085886 0.013654657046747183 94628.6346591471 975
473 917.8216666666667 148066.74739327602 0.013765593577474455 94628.62987682575 990
473 885.3733333333333 148066.7595547527 0.01325448154577474 94628.63662346017 955
473 908.5503333333332 148066.74973141862 0.013687956768556544 94628.63338003738 980
473 899.2796666666667 148066.7355711821 0.013582556024466865 94628.62684663675 970
473 894.6443333333333 148066.74595971196 0.013501480936759127 94628.62564351322 965
473 927.0923333333334 148066.7502531659 0.0141910736521333 94628.6274009446 1000
473 922.457 113648.10735367615 0.014736368154653245 94628.62372764148 995
473 890.009 124172.13025539268 0.013088472765698066 94628.62608885716 960
