473 774.1223333333334 148066.74667781923 0.011404929687023375 94628.62731535082 835
73 398.65000000000003 148066.74701503033 0.006114922224062323 94628.62739822172 430
473 380.108 148066.7402621434 0.0057278555779544235 94628.6263992989 410
473 407.9206666666667 148066.74946373297 0.00618427517443388 94628.63170756608 440
473 375.4723333333334 148066.74328880405 0.0057621283022467554 94628.62732259752 405
473 417.1913333333334 148066.7497352136 0.006406178948880467 94628.62899181477 450
473 370.837 148066.75149635592 0.005446725656054268 94628.62899313495 400
473 394.0143333333333 148066.74713178893 0.006052708782681308 94628.62677873393 425
473 389.3786666666667 148066.74739462996 0.005755921847556729 94628.62872474466 420
473 403.2853333333334 148066.745854551 0.0059287280495639106 94628.62840092753 435
473 412.5563333333334 148066.74668520197 0.006386253571416639 94628.62762333298 445
473 426.4626666666666 148066.74668768977 0.0063059832677381435 94628.62703936397 460
473 445.0043333333333 148066.74691499543 0.006684078710981949 94628.62746288654 480
473 421.82733333333334 148066.7454570331 0.006405525213769094 94628.62814688233 455
473 463.5463333333334 148066.74543943882 0.006948023576796152 94628.628591694 500
473 454.2753333333333 148066.7430033254 0.006740901324564512 94628.62747279058 490
473 435.73333333333335 148066.7465234592 0.006404954360258257 94628.62698084662 470
473 449.64000000000004 148066.7445817101 0.006875217995923963 94628.62569563295 485
473 431.09799999999996 148066.74564682535 0.006363747084200676 94628.62587423697 465
473 440.3693333333334 148066.74900435787 0.0065349079421489625 94628.62815644036 475
473 458.91066666666666 148066.74451716512 0.006604469442158538 94628.62951949383 495
473 472.817 148066.7494124014 0.006979222591822153 94628.63246660316 510
473 468.182 148066.74894643843 0.007246418756634096 94628.62953326011 505
473 509.901 148066.74448401932 0.007785381116839978 94628.62911208226 550
473 495.99466666666666 148066.74590223667 0.007511068257555276 94628.62711802636 535
473 482.0883333333333 148066.7417413283 0.0073889785523475315 94628.62584034706 520
473 491.359 148066.74775233373 0.007448254195758697 94628.62911504997 530
473 477.45266666666674 148066.74534196922 0.0070289271767855184 94628.63007403343 515
473 505.2656666666667 148066.74736677416 0.0075584737500714325 94628.6274298961 545
473 500.62999999999994 148066.7413456107 0.0077182056537218905 94628.62679884581 540
473 486.7236666666667 148066.74731719863 0.007305157179692824 94628.62857568136 525
473 528.4426666666667 135779.58115929298 0.007922453495063285 94628.62811857426 570
473 542.3493333333334 148066.74564619447 0.008270991341551156 94628.6292169464 585
473 537.7136666666667 148066.74334253184 0.008107870465252394 94628.62535601185 580
473 533.0783333333333 148066.74803512782 0.00785805448333753 94628.62881017731 575
473 556.2553333333334 148066.74833417876 0.008379081441849968 94628.62837370584 600
473 551.6203333333333 148066.7449988487 0.008453031890956619 94628.62663295993 595
473 546.9846666666667 148066.75095372368 0.008142417462768193 94628.6307216457 590
473 514.5363333333333 148066.7504767218 0.007709887917196369 94628.62999483665 555
473 523.8076666666667 148066.74381782365 0.00794818817103273 94628.62561550907 565
473 519.1716666666666 148066.7453316632 0.007818622393461106 94628.62918604321 560
473 560.8906666666667 148066.7496931479 0.00859733534917001 94628.62917348932 605
473 584.0686666666667 148066.7491588472 0.008899701363915219 94628.62845670371 630
473 593.3393333333333 148066.74238679686 0.009083260343364312 94628.62739481825 640
473 588.7036666666667 148066.74994774282 0.008945221836346577 94628.62989269332 635
473 570.1616666666667 148066.74880821584 0.008443381966114313 94628.62833261715 615
473 597.9746666666666 148066.74209349885 0.008899470684003796 94628.62443684155 645
473 602.61 148066.7429209875 0.008918041401282247 94628.63031345794 650
473 579.4326666666667 124172.12429136882 0.008563410055153252 94628.62677089157 625
473 565.5266666666666 135779.584683393 0.008438053196490023 94628.6275378633 610
473 574.7973333333334 113648.11471514868 0.0086057710397812 94628.63172984663 620
473 639.694 148066.7439655587 0.00966030799810016 94628.62648534046 690
473 635.0583333333333 148066.74707244438 0.009644496745338722 94628.62707539675 685
473 630.423 148066.74695640808 0.009479882788472584 94628.62793075206 680
473 607.2456666666666 148066.7466200168 0.009174779768913847 94628.62740162833 655
473 611.8813333333333 148066.74639824152 0.009116185768853573 94628.62763869675 660
473 648.965 148066.7487814019 0.009886419306175169 94628.62940183554 700
473 621.152 148066.747163318 0.009368524514002576 94628.62702270242 670
473 625.7876666666666 148066.74781596128 0.009264944917185354 94628.6295999676 675
473 616.5163333333334 148066.74897105544 0.008862492076229963 94628.63127240069 665
473 644.3293333333332 148066.74499430793 0.009536788054871041 94628.6282337344 695
473 658.2356666666666 148066.74316476265 0.010019141626506259 94628.62489025286 710
473 672.1419999999999 148066.74484363972 0.010179661429405663 94628.6277388007 725
473 695.3196666666666 148066.7450518329 0.010358608547736807 94628.62863988824 750
473 690.6839999999999 148066.7435261386 0.010500263464327484 94628.62541067574 745
473 662.871 148066.7448402766 0.010099351636777925 94628.62980637069 715
473 653.6003333333333 148066.75084601325 0.009818305667349881 94628.62955143258 705
473 667.507 148066.74827993964 0.010160228363587064 94628.62874110704 720
473 681.4129999999999 148066.74795197745 0.009635404658709169 94628.625599395 735
473 676.7776666666666 148066.74585449407 0.010083649661367405 94628.62949902698 730
473 686.0486666666667 148066.74470964557 0.010357826127222337 94628.62959644578 740
473 727.7676666666666 148066.74979789564 0.011175645525757193 94628.62814920039 785
473 723.1323333333333 148066.75019907148 0.010830981314402266 94628.62903912236 780
473 718.4966666666666 148066.7511492247 0.010680349060945588 94628.6343535503 775
473 741.674 148066.7534888846 0.011387055365358398 94628.63165103353 800
473 737.0386666666667 148066.74854053865 0.011023232238556823 94628.6261909031 795
473 699.9546666666666 148066.75078431395 0.010568015344657965 94628.62753670427 755
473 713.8613333333333 148066.74165223012 0.010656342591540692 94628.6287597597 770
473 709.226 148066.74673323458 0.010408975265839834 94628.62962268629 765
473 704.5903333333332 148066.7498494381 0.010623073312943857 94628.62880014394 760
473 732.4033333333333 160755.49996094298 0.011032748503247657 94628.62691124462 790
473 746.3096666666667 148066.74661894306 0.011576185862907835 94628.62521227305 805
473 764.8513333333334 148066.74679796986 0.011598723400464727 94628.62826008891 825
473 778.7580000000002 148066.7411674635 0.011775243739924267 94628.62535182576 840
473 755.5803333333333 148066.74909504285 0.011483750763487219 94628.62803224531 815
473 760.216 148066.74501935643 0.011678339399720546 94628.62875707455 820
473 750.9453333333335 148066.7566316497 0.011753346764990106 94628.62949648168 810
473 783.393 148066.74040902124 0.011337518697772038 94628.62609565331 845
473 788.029 148066.74283264676 0.011849303397791097 94628.6256440421 850
473 769.4870000000001 148066.74572577776 0.011469628316183415 94628.62737720592 830
473 801.935 148066.75068524253 0.012234950041345057 94628.62728449512 865
473 820.477 148066.74896327854 0.012392609238155761 94628.62719524132 885
473 797.2996666666667 148066.74445410716 0.012010635776944925 94628.6268700697 860
473 825.1123333333334 148066.7470726998 0.012436456401481647 94628.63173165088 890
473 792.6643333333333 148066.73705281565 0.011974673570208 94628.6229158645 855
473 806.5706666666669 148066.7446315277 0.01210826892382227 94628.62924911773 870
473 811.206 148066.75107357412 0.012232290169445388 94628.63026357321 875
473 834.3836666666666 148066.75202931973 0.012495557142571338 94628.6324715981 900
473 829.748 148066.7498992767 0.012680784031042084 94628.63185425948 895
473 815.8416666666667 148066.74598985803 0.012079174383523551 94628.6304603794 880
473 852.9250000000001 148066.74935789514 0.013078004834502117 94628.6272398337 920
473 857.5606666666667 148066.75074690548 0.012735523215680772 94628.6287056546 925
473 839.0186666666667 148066.75045231983 0.012561980210068763 94628.62907407008 905
473 843.6540000000001 148066.74597665647 0.012971434751003583 94628.62633804907 910
473 866.8313333333334 148066.7329187147 0.012831998335733662 94628.62617607714 935
473 880.7376666666668 148066.74949803893 0.013118697619925568 94628.62516763379 950
473 862.196 148066.75594965028 0.012828046822741166 94628.63087993296 930
473 871.467 148066.7343913158 0.012976661190182533 94628.6263910739 940
473 876.1026666666667 148066.7464632037 0.012916870680746791 94628.62541799636 945
473 848.29 148066.75200062504 0.012671766825447397 94628.63219110297 915
473 908.5503333333332 148066.73986782183 0.013560756362575175 94628.62446383892 980
473 922.457 148066.73907041072 0.01427526632114563 94628.62740141602 995
473 899.2796666666667 148066.74458063138 0.013557870584125909 94628.6283956279 970
473 890.009 148066.74788588702 0.013589046978212654 94628.63010324631 960
473 917.8216666666667 148066.74714627903 0.013909151618552539 94628.63092983868 990
473 913.1863333333334 148066.74847798617 0.013891490097137646 94628.6305336707 985
473 927.0923333333334 148066.74747555188 0.01378636089654946 94628.6302344391 1000
473 885.3733333333333 148066.74464427115 0.013084195988252816 94628.63177187787 955
473 894.6443333333333 148066.7457264243 0.01332852587236138 94628.62704968882 965
473 903.9153333333334 148066.74579819725 0.013625282755022993 94628.62776646347 975
473 125.15733333333333 148066.7472511737 0.0018767681991912176 94628.62885697337 135
473 92.70923333333333 148066.74631126504 0.0013814993888550964 94628.62831990284 100
473 120.522 148066.74606689234 0.001813516989540937 94628.62811029199 130
473 101.98033333333335 148066.74628476653 0.0015163878330320222 94628.62799859395 110
473 106.61540000000001 148066.74595408622 0.0016115885264173632 94628.62778183803 115
473 139.064 148066.74453620982 0.0021540306952003516 94628.62767638062 150
473 129.793 148066.74629315242 0.0019605019417378577 94628.62826340111 140
473 115.88666666666666 148066.74675809272 0.0016634153260897927 94628.6283034368 125
473 97.34463333333333 148066.7463913538 0.0014273238164197526 94628.62779728403 105
473 111.25100000000002 148066.74551095354 0.0016657415771745604 94628.62746140145 120
473 134.4283333333333 135779.58452302378 0.0019724953490979423 94628.62775647736 145
473 176.14766666666665 148066.7453610936 0.002638125654631264 94628.62772862353 190
473 185.41866666666667 148066.74485239573 0.0028414313114370933 94628.6272154447 200
473 157.606 148066.74604309065 0.002335241358458937 94628.62816259195 170
473 171.51200000000003 148066.7451167613 0.002574335372915015 94628.62740772877 185
473 148.33466666666666 148066.74632632194 0.002213291927442665 94628.62842208572 160
473 162.24099999999999 148066.74711069925 0.0024341791424533463 94628.62834640878 175
473 143.69933333333333 148066.74643206617 0.002155550814327894 94628.62771333921 155
473 166.87666666666667 148066.74546576204 0.002511566554916937 94628.62759082735 180
473 152.97 148066.74605471888 0.0023188697167137616 94628.62768537382 165
473 180.78300000000002 148066.7464383758 0.0026449900517200183 94628.62876205044 195
473 231.7733333333333 148066.74716174757 0.0035086023859203924 94628.6278696289 250
473 194.68966666666665 148066.7454689176 0.00298644086335057 94628.62658297403 210
473 203.9606666666667 148066.74504702428 0.003073930278292101 94628.62753143496 220
473 217.867 148066.74640890234 0.0032658981779687666 94628.62878817545 235
473 227.13766666666666 148066.7460052124 0.00336289099790255 94628.6282756407 245
473 199.32500000000002 148066.7469091256 0.002914722469666311 94628.62798000597 215
473 213.2313333333333 148066.7461800998 0.003229386288280702 94628.62807991536 230
473 208.5956666666667 148066.7461612171 0.0031396433253306597 94628.62842117573 225
473 190.0536666666667 148066.74586942367 0.002799881628407599 94628.62816958482 205
473 222.50233333333335 148066.74776883263 0.0033229372215006947 94628.62828380475 240
473 241.04433333333336 148066.7455420014 0.0036231585256214153 94628.6283028583 260
473 236.40866666666668 148066.74608471713 0.0034803157663575654 94628.6277547874 255
473 245.67966666666666 148066.7447162797 0.0036898969544246073 94628.6276388849 265
473 268.857 148066.7476056137 0.004075395776211693 94628.62695246321 290
473 273.49233333333336 148066.74637518745 0.0041943950328022644 94628.62748430805 295
473 278.128 148066.7445587467 0.004239918684417111 94628.62758734032 300
473 250.31500000000003 148066.74754551714 0.003850229216011497 94628.6281603874 270
473 254.95033333333333 148066.74672236413 0.003804131089979078 94628.62805187481 275
473 259.58633333333336 148066.74589591296 0.0038519264592205508 94628.62717541598 280
473 264.22133333333335 124172.12758894985 0.00377863059885606 94628.62836265928 285
473 296.66966666666667 148066.7461725683 0.004507103790648475 94628.62829785484 320
473 310.576 148066.7467657463 0.004739385638861223 94628.62786748655 335
473 301.30533333333335 148066.7467914404 0.004573050394400406 94628.62885170509 325
473 282.7633333333333 148066.7464011431 0.004245165015650707 94628.62798586438 305
473 324.4823333333334 148066.74614352392 0.004918784087845951 94628.62834093068 350
473 319.847 148066.74509021433 0.004837995132820757 94628.6268206052 345
473 287.39866666666666 148066.74720383438 0.0042281075027056905 94628.62950877847 310
473 292.03399999999993 148066.74723616647 0.0042988178429697954 94628.62812742466 315
473 315.21133333333336 124172.12794429669 0.004720715393269096 94628.62845063071 340
473 305.94033333333334 148066.74472040078 0.004652744388839874 94628.62723446202 330
473 343.02433333333335 148066.7484845423 0.005171108447460734 94628.62893939279 370
473 361.56600000000003 148066.7475639659 0.00544440844943204 94628.6264723435 390
473 333.753 148066.74821572998 0.00495922993943202 94628.62890779346 360
473 352.295 148066.74379725137 0.005277697828467852 94628.62703980894 380
473 338.389 148066.74568145425 0.005112116935699637 94628.62647452683 365
473 347.6596666666667 148066.74515292732 0.005256493252383771 94628.62565231536 375
473 366.20166666666665 124172.12669413595 0.005322761627444744 94628.62840999037 395
473 356.93066666666664 148066.74800102555 0.005457456521324926 94628.62897468967 385
473 329.118 148066.74513827573 0.005013850890114698 94628.628111556 355
473 370.837 148066.74306152153 0.005490567346503426 94628.62980756698 400
